id,name,base_experience,height,is_default,order,weight,abilities,past_abilities,forms,game_indices,held_items,location_area_encounters,moves,stats,past_stats,types,past_types,species_name,species_url,sprites_other_home_front_shiny,sprites_other_home_front_female,sprites_other_home_front_default,sprites_other_home_front_shiny_female,sprites_other_showdown_back_shiny,sprites_other_showdown_back_female,sprites_other_showdown_front_shiny,sprites_other_showdown_back_default,sprites_other_showdown_front_female,sprites_other_showdown_front_default,sprites_other_showdown_back_shiny_female,sprites_other_showdown_front_shiny_female,sprites_other_dream_world_front_female,sprites_other_dream_world_front_default,sprites_other_official-artwork_front_shiny,sprites_other_official-artwork_front_default,sprites_versions_generation-i_yellow_back_gray,sprites_versions_generation-i_yellow_front_gray,sprites_versions_generation-i_yellow_back_default,sprites_versions_generation-i_yellow_front_default,sprites_versions_generation-i_yellow_back_transparent,sprites_versions_generation-i_yellow_front_transparent,sprites_versions_generation-i_red-blue_back_gray,sprites_versions_generation-i_red-blue_front_gray,sprites_versions_generation-i_red-blue_back_default,sprites_versions_generation-i_red-blue_front_default,sprites_versions_generation-i_red-blue_back_transparent,sprites_versions_generation-i_red-blue_front_transparent,sprites_versions_generation-v_icons_animated_front_default,sprites_versions_generation-v_icons_front_default,sprites_versions_generation-v_black-white_animated_back_shiny,sprites_versions_generation-v_black-white_animated_back_female,sprites_versions_generation-v_black-white_animated_front_shiny,sprites_versions_generation-v_black-white_animated_back_default,sprites_versions_generation-v_black-white_animated_front_female,sprites_versions_generation-v_black-white_animated_front_default,sprites_versions_generation-v_black-white_animated_back_shiny_female,sprites_versions_generation-v_black-white_animated_front_shiny_female,sprites_versions_generation-v_black-white_back_shiny,sprites_versions_generation-v_black-white_back_female,sprites_versions_generation-v_black-white_front_shiny,sprites_versions_generation-v_black-white_back_default,sprites_versions_generation-v_black-white_front_female,sprites_versions_generation-v_black-white_front_default,sprites_versions_generation-v_black-white_back_shiny_female,sprites_versions_generation-v_black-white_front_shiny_female,sprites_versions_generation-ii_gold_back_shiny,sprites_versions_generation-ii_gold_front_shiny,sprites_versions_generation-ii_gold_back_default,sprites_versions_generation-ii_gold_front_default,sprites_versions_generation-ii_gold_front_transparent,sprites_versions_generation-ii_silver_back_shiny,sprites_versions_generation-ii_silver_front_shiny,sprites_versions_generation-ii_silver_back_default,sprites_versions_generation-ii_silver_front_default,sprites_versions_generation-ii_silver_front_transparent,sprites_versions_generation-ii_crystal_animated_front_shiny,sprites_versions_generation-ii_crystal_animated_front_default,sprites_versions_generation-ii_crystal_back_shiny,sprites_versions_generation-ii_crystal_front_shiny,sprites_versions_generation-ii_crystal_back_default,sprites_versions_generation-ii_crystal_front_default,sprites_versions_generation-ii_crystal_back_transparent,sprites_versions_generation-ii_crystal_front_transparent,sprites_versions_generation-ii_crystal_back_shiny_transparent,sprites_versions_generation-ii_crystal_front_shiny_transparent,sprites_versions_generation-iv_platinum_back_shiny,sprites_versions_generation-iv_platinum_back_female,sprites_versions_generation-iv_platinum_front_shiny,sprites_versions_generation-iv_platinum_back_default,sprites_versions_generation-iv_platinum_front_female,sprites_versions_generation-iv_platinum_front_default,sprites_versions_generation-iv_platinum_back_shiny_female,sprites_versions_generation-iv_platinum_front_shiny_female,sprites_versions_generation-iv_diamond-pearl_back_shiny,sprites_versions_generation-iv_diamond-pearl_back_female,sprites_versions_generation-iv_diamond-pearl_front_shiny,sprites_versions_generation-iv_diamond-pearl_back_default,sprites_versions_generation-iv_diamond-pearl_front_female,sprites_versions_generation-iv_diamond-pearl_front_default,sprites_versions_generation-iv_diamond-pearl_back_shiny_female,sprites_versions_generation-iv_diamond-pearl_front_shiny_female,sprites_versions_generation-iv_heartgold-soulsilver_back_shiny,sprites_versions_generation-iv_heartgold-soulsilver_back_female,sprites_versions_generation-iv_heartgold-soulsilver_front_shiny,sprites_versions_generation-iv_heartgold-soulsilver_back_default,sprites_versions_generation-iv_heartgold-soulsilver_front_female,sprites_versions_generation-iv_heartgold-soulsilver_front_default,sprites_versions_generation-iv_heartgold-soulsilver_back_shiny_female,sprites_versions_generation-iv_heartgold-soulsilver_front_shiny_female,sprites_versions_generation-ix_scarlet-violet_front_female,sprites_versions_generation-ix_scarlet-violet_front_default,sprites_versions_generation-vi_x-y_front_shiny,sprites_versions_generation-vi_x-y_front_female,sprites_versions_generation-vi_x-y_front_default,sprites_versions_generation-vi_x-y_front_shiny_female,sprites_versions_generation-vi_omegaruby-alphasapphire_front_shiny,sprites_versions_generation-vi_omegaruby-alphasapphire_front_female,sprites_versions_generation-vi_omegaruby-alphasapphire_front_default,sprites_versions_generation-vi_omegaruby-alphasapphire_front_shiny_female,sprites_versions_generation-iii_emerald_front_shiny,sprites_versions_generation-iii_emerald_front_default,sprites_versions_generation-iii_ruby-sapphire_back_shiny,sprites_versions_generation-iii_ruby-sapphire_front_shiny,sprites_versions_generation-iii_ruby-sapphire_back_default,sprites_versions_generation-iii_ruby-sapphire_front_default,sprites_versions_generation-iii_firered-leafgreen_back_shiny,sprites_versions_generation-iii_firered-leafgreen_front_shiny,sprites_versions_generation-iii_firered-leafgreen_back_default,sprites_versions_generation-iii_firered-leafgreen_front_default,sprites_versions_generation-vii_icons_front_female,sprites_versions_generation-vii_icons_front_default,sprites_versions_generation-vii_ultra-sun-ultra-moon_front_shiny,sprites_versions_generation-vii_ultra-sun-ultra-moon_front_female,sprites_versions_generation-vii_ultra-sun-ultra-moon_front_default,sprites_versions_generation-vii_ultra-sun-ultra-moon_front_shiny_female,sprites_versions_generation-viii_icons_front_female,sprites_versions_generation-viii_icons_front_default,sprites_versions_generation-viii_brilliant-diamond-shining-pearl_front_female,sprites_versions_generation-viii_brilliant-diamond-shining-pearl_front_default,sprites_back_shiny,sprites_back_female,sprites_front_shiny,sprites_back_default,sprites_front_female,sprites_front_default,sprites_back_shiny_female,sprites_front_shiny_female,cries_latest,cries_legacy
1,bulbasaur,64,7,True,1,69,"[{'is_hidden': False, 'slot': 1, 'ability': {'name': 'overgrow', 'url': 'https://pokeapi.co/api/v2/ability/65/'}}, {'is_hidden': True, 'slot': 3, 'ability': {'name': 'chlorophyll', 'url': 'https://pokeapi.co/api/v2/ability/34/'}}]","[{'generation': {'name': 'generation-iv', 'url': 'https://pokeapi.co/api/v2/generation/4/'}, 'abilities': [{'is_hidden': True, 'slot': 3, 'ability': None}]}]","[{'name': 'bulbasaur', 'url': 'https://pokeapi.co/api/v2/pokemon-form/1/'}]","[{'game_index': 153, 'version': {'name': 'red', 'url': 'https://pokeapi.co/api/v2/version/1/'}}, {'game_index': 153, 'version': {'name': 'blue', 'url': 'https://pokeapi.co/api/v2/version/2/'}}, {'game_index': 153, 'version': {'name': 'yellow', 'url': 'https://pokeapi.co/api/v2/version/3/'}}, {'game_index': 1, 'version': {'name': 'gold', 'url': 'https://pokeapi.co/api/v2/version/4/'}}, {'game_index': 1, 'version': {'name': 'silver', 'url': 'https://pokeapi.co/api/v2/version/5/'}}, {'game_index': 1, 'version': {'name': 'crystal', 'url': 'https://pokeapi.co/api/v2/version/6/'}}, {'game_index': 1, 'version': {'name': 'ruby', 'url': 'https://pokeapi.co/api/v2/version/7/'}}, {'game_index': 1, 'version': {'name': 'sapphire', 'url': 'https://pokeapi.co/api/v2/version/8/'}}, {'game_index': 1, 'version': {'name': 'emerald', 'url': 'https://pokeapi.co/api/v2/version/9/'}}, {'game_index': 1, 'version': {'name': 'firered', 'url': 'https://pokeapi.co/api/v2/version/10/'}}, {'game_index': 1, 'version': {'name': 'leafgreen', 'url': 'https://pokeapi.co/api/v2/version/11/'}}, {'game_index': 1, 'version': {'name': 'diamond', 'url': 'https://pokeapi.co/api/v2/version/12/'}}, {'game_index': 1, 'version': {'name': 'pearl', 'url': 'https://pokeapi.co/api/v2/version/13/'}}, {'game_index': 1, 'version': {'name': 'platinum', 'url': 'https://pokeapi.co/api/v2/version/14/'}}, {'game_index': 1, 'version': {'name': 'heartgold', 'url': 'https://pokeapi.co/api/v2/version/15/'}}, {'game_index': 1, 'version': {'name': 'soulsilver', 'url': 'https://pokeapi.co/api/v2/version/16/'}}, {'game_index': 1, 'version': {'name': 'black', 'url': 'https://pokeapi.co/api/v2/version/17/'}}, {'game_index': 1, 'version': {'name': 'white', 'url': 'https://pokeapi.co/api/v2/version/18/'}}, {'game_index': 1, 'version': {'name': 'black-2', 'url': 'https://pokeapi.co/api/v2/version/21/'}}, {'game_index': 1, 'version': {'name': 'white-2', 'url': 'https://pokeapi.co/api/v2/version/22/'}}, {'game_index': 1, 'version': {'name': 'x', 'url': 'https://pokeapi.co/api/v2/version/23/'}}, {'game_index': 1, 'version': {'name': 'y', 'url': 'https://pokeapi.co/api/v2/version/24/'}}, {'game_index': 1, 'version': {'name': 'omega-ruby', 'url': 'https://pokeapi.co/api/v2/version/25/'}}, {'game_index': 1, 'version': {'name': 'alpha-sapphire', 'url': 'https://pokeapi.co/api/v2/version/26/'}}, {'game_index': 1, 'version': {'name': 'sun', 'url': 'https://pokeapi.co/api/v2/version/27/'}}, {'game_index': 1, 'version': {'name': 'moon', 'url': 'https://pokeapi.co/api/v2/version/28/'}}, {'game_index': 1, 'version': {'name': 'ultra-sun', 'url': 'https://pokeapi.co/api/v2/version/29/'}}, {'game_index': 1, 'version': {'name': 'ultra-moon', 'url': 'https://pokeapi.co/api/v2/version/30/'}}, {'game_index': 1, 'version': {'name': 'lets-go-pikachu', 'url': 'https://pokeapi.co/api/v2/version/31/'}}, {'game_index': 1, 'version': {'name': 'lets-go-eevee', 'url': 'https://pokeapi.co/api/v2/version/32/'}}, {'game_index': 1, 'version': {'name': 'sword', 'url': 'https://pokeapi.co/api/v2/version/33/'}}, {'game_index': 1, 'version': {'name': 'shield', 'url': 'https://pokeapi.co/api/v2/version/34/'}}, {'game_index': 1, 'version': {'name': 'the-isle-of-armor-sword', 'url': 'https://pokeapi.co/api/v2/version/35/'}}, {'game_index': 1, 'version': {'name': 'the-crown-tundra-sword', 'url': 'https://pokeapi.co/api/v2/version/36/'}}, {'game_index': 1, 'version': {'name': 'brilliant-diamond', 'url': 'https://pokeapi.co/api/v2/version/37/'}}, {'game_index': 1, 'version': {'name': 'shining-pearl', 'url': 'https://pokeapi.co/api/v2/version/38/'}}, {'game_index': 1, 'version': {'name': 'legends-arceus', 'url': 'https://pokeapi.co/api/v2/version/39/'}}, {'game_index': 1, 'version': {'name': 'scarlet', 'url': 'https://pokeapi.co/api/v2/version/40/'}}, {'game_index': 1, 'version': {'name': 'violet', 'url': 'https://pokeapi.co/api/v2/version/41/'}}, {'game_index': 1, 'version': {'name': 'the-teal-mask-scarlet', 'url': 'https://pokeapi.co/api/v2/version/42/'}}, {'game_index': 1, 'version': {'name': 'the-indigo-disk-scarlet', 'url': 'https://pokeapi.co/api/v2/version/43/'}}, {'game_index': 153, 'version': {'name': 'red-japan', 'url': 'https://pokeapi.co/api/v2/version/44/'}}, {'game_index': 153, 'version': {'name': 'green-japan', 'url': 'https://pokeapi.co/api/v2/version/45/'}}, {'game_index': 153, 'version': {'name': 'blue-japan', 'url': 'https://pokeapi.co/api/v2/version/46/'}}, {'game_index': 1, 'version': {'name': 'legends-za', 'url': 'https://pokeapi.co/api/v2/version/47/'}}, {'game_index': 1, 'version': {'name': 'mega-dimension', 'url': 'https://pokeapi.co/api/v2/version/48/'}}]",[],https://pokeapi.co/api/v2/pokemon/1/encounters,"[{'move': {'name': 'razor-wind', 'url': 'https://pokeapi.co/api/v2/move/13/'}, 'version_group_details': [{'level_learned_at': 0, 'version_group': {'name': 'gold-silver', 'url': 'https://pokeapi.co/api/v2/version-group/3/'}, 'move_learn_method': {'name': 'egg', 'url': 'https://pokeapi.co/api/v2/move-learn-method/2/'}, 'order': None}, {'level_learned_at': 0, 'version_group': {'name': 'crystal', 'url': 'https://pokeapi.co/api/v2/version-group/4/'}, 'move_learn_method': {'name': 'egg', 'url': 'https://pokeapi.co/api/v2/move-learn-method/2/'}, 'order': None}]}, {'move': {'name': 'swords-dance', 'url': 'https://pokeapi.co/api/v2/move/14/'}, 'version_group_details': [{'level_learned_at': 0, 'version_group': {'name': 'red-blue', 'url': 'https://pokeapi.co/api/v2/version-group/1/'}, 'move_learn_method': {'name': 'machine', 'url': 'https://pokeapi.co/api/v2/move-learn-method/4/'}, 'order': None}, {'level_learned_at': 0, 'version_group': {'name': 'yellow', 'url': 'https://pokeapi.co/api/v2/version-group/2/'}, 'move_learn_method': {'name': 'machine', 'url': 'https://pokeapi.co/api/v2/move-learn-method/4/'}, 'order': None}, {'level_learned_at': 0, 'version_group': {'name': 'emerald', 'url': 'https://pokeapi.co/api/v2/version-group/6/'}, 'move_learn_method': {'name': 'tutor', 'url': 'https://pokeapi.co/api/v2/move-learn-method/3/'}, 'order': None}, {'level_learned_at': 0, 'version_group': {'name': 'firered-leafgreen', 'url': 'https://pokeapi.co/api/v2/version-group/7/'}, 'move_learn_method': {'name': 'tutor', 'url': 'https://pokeapi.co/api/v2/move-learn-method/3/'}, 'order': None}, {'level_learned_at': 0, 'version_group': {'name': 'diamond-pearl', 'url': 'https://pokeapi.co/api/v2/version-group/8/'}, 'move_learn_method': {'name': 'machine', 'url': 'https://pokeapi.co/api/v2/move-learn-method/4/'}, 'order': None}, {'level_learned_at': 0, 'version_group': {'name': 'platinum', 'url': 'https://pokeapi.co/api/v2/version-group/9/'}, 'move_learn_method': {'name': 'machine', 'url': 'https://pokeapi.co/api/v2/move-learn-method/4/'}, 'order': None}, {'level_learned_at': 0, 'version_group': {'name': 'heartgold-soulsilver', 'url': 'https://pokeapi.co/api/v2/version-group/10/'}, 'move_learn_method': {'name': 'machine', 'url': 'https://pokeapi.co/api/v2/move-learn-method/4/'}, 'order': None}, {'level_learned_at': 0, 'version_group': {'name': 'black-white', 'url': 'https://pokeapi.co/api/v2/version-group/11/'}, 'move_learn_method': {'name': 'machine', 'url': 'https://pokeapi.co/api/v2/move-learn-method/4/'}, 'order': None}, {'level_learned_at': 0, 'version_group': {'name': 'black-2-white-2', 'url': 'https://pokeapi.co/api/v2/version-group/14/'}, 'move_learn_method': {'name': 'machine', 'url': 'https://pokeapi.co/api/v2/move-learn-method/4/'}, 'order': None}, {'level_learned_at': 0, 'version_group': {'name': 'x-y', 'url': 'https://pokeapi.co/api/v2/version-group/15/'}, 'move_learn_method': {'name': 'machine', 'url': 'https://pokeapi.co/api/v2/move-learn-method/4/'}, 'order': None}, {'level_learned_at': 0, 'version_group': {'name': 'omega-ruby-alpha-sapphire', 'url': 'https://pokeapi.co/api/v2/version-group/16/'}, 'move_learn_method': {'name': 'machine', 'url': 'https://pokeapi.co/api/v2/move-learn-method/4/'}, 'order': None}, {'level_learned_at': 0, 'version_group': {'name': 'sun-moon', 'url': 'https://pokeapi.co/api/v2/version-group/17/'}, 'move_learn_method': {'name': 'machine', 'url': 'https://pokeapi.co/api/v2/move-learn-method/4/'}, 'order': None}, {'level_learned_at': 0, 'version_group': {'name': 'ultra-sun-ultra-moon', 'url': 'https://pokeapi.co/api/v2/version-group/18/'}, 'move_learn_method': {'name': 'machine', 'url': 'https://pokeapi.co/api/v2/move-learn-method/4/'}, 'order': None}, {'level_learned_at': 0, 'version_group': {'name': 'sword-shield', 'url': 'https://pokeapi.co/api/v2/version-group/20/'}, 'move_learn_method': {'name': 'machine', 'url': 'https://pokeapi.co/api/v2/move-learn-method/4/'}, 'order': None}, {'level_learned_at': 0, 'version_group': {'name': 'brilliant-diamond-shining-pearl', 'url': 'https://pokeapi.co/api/v2/version-group/23/'}, 'move_learn_method': {'name': 'machine', 'url': 'https://pokeapi.co/api/v2/move-learn-method/4/'}, 'order': None}, {'level_learned_at': 0, 'version_group': {'name': 'scarlet-violet', 'url': 'https://pokeapi.co/api/v2/version-group/25/'}, 'move_learn_method': {'name': 'machine', 'url': 'https://pokeapi.co/api/v2/move-learn-method/4/'}, 'order': None}, {'level_learned_at': 0, 'version_group': {'name': 'red-green-japan', 'url': 'https://pokeapi.co/api/v2/version-group/28/'}, 'move_learn_method': {'name': 'machine', 'url': 'https://pokeapi.co/api/v2/move-learn-method/4/'}, 'order': None}, {'level_learned_at': 0, 'version_group': {'name': 'blue-japan', 'url': 'https://pokeapi.co/api/v2/version-group/29/'}, 'move_learn_method': {'name': 'machine', 'url': 'https://pokeapi.co/api/v2/move-learn-method/4/'}, 'order': None}]}, {'move': {'name': 'cut', 'url': 'https://pokeapi.co/api/v2/move/15/'}, 'version_group_details': [{'level_learned_at': 0, 'version_group': {'name': 'red-blue', 'url': 'https://pokeapi.co/api/v2/version-group/1/'}, 'move_learn_method': {'name': 'machine', 'url': 'https://pokeapi.co/api/v2/move-learn-method/4/'}, 'order': None}, {'level_learned_at': 0, 'version_group': {'name': 'yellow', 'url': 'https://pokeapi.co/api/v2/version-group/2/'}, 'move_learn_method': {'name': 'machine', 'url': 'https://pokeapi.co/api/v2/move-learn-method/4/'}, 'order': None}, {'level_learned_at': 0, 'version_group': {'name': 'gold-silver', 'url': 'https://pokeapi.co/api/v2/version-group/3/'}, 'move_learn_method': {'name': 'machine', 'url': 'https://pokeapi.co/api/v2/move-learn-method/4/'}, 'order': None}, {'level_learned_at': 0, 'version_group': {'name': 'crystal', 'url': 'https://pokeapi.co/api/v2/version-group/4/'}, 'move_learn_method': {'name': 'machine', 'url': 'https://pokeapi.co/api/v2/move-learn-method/4/'}, 'order': None}, {'level_learned_at': 0, 'version_group': {'name': 'ruby-sapphire', 'url': 'https://pokeapi.co/api/v2/version-group/5/'}, 'move_learn_method': {'name': 'machine', 'url': 'https://pokeapi.co/api/v2/move-learn-method/4/'}, 'order': None}, {'level_learned_at': 0, 'version_group': {'name': 'emerald', 'url': 'https://pokeapi.co/api/v2/version-group/6/'}, 'move_learn_method': {'name': 'machine', 'url': 'https://pokeapi.co/api/v2/move-learn-method/4/'}, 'order': None}, {'level_learned_at': 0, 'version_group': {'name': 'firered-leafgreen', 'url': 'https://pokeapi.co/api/v2/version-group/7/'}, 'move_learn_method': {'name': 'machine', 'url': 'https://pokeapi.co/api/v2/move-learn-method/4/'}, 'order': None}, {'level_learned_at': 0, 'version_group': {'name': 'diamond-pearl', 'url': 'https://pokeapi.co/api/v2/version-group/8/'}, 'move_learn_method': {'name': 'machine', 'url': 'https://pokeapi.co/api/v2/move-learn-method/4/'}, 'order': None}, {'level_learned_at': 0, 'version_group': {'name': 'platinum', 'url': 'https://pokeapi.co/api/v2/version-group/9/'}, 'move_learn_method': {'name': 'machine', 'url': 'https://pokeapi.co/api/v2/move-learn-method/4/'}, 'order': None}, {'level_learned_at': 0, 'version_group': {'name': 'heartgold-soulsilver', 'url': 'https://pokeapi.co/api/v2/version-group/10/'}, 'move_learn_method': {'name': 'machine', 'url': 'https://pokeapi.co/api/v2/move-learn-method/4/'}, 'order': None}, {'level_learned_at': 0, 'version_group': {'name': 'black-white', 'url': 'https://pokeapi.co/api/v2/version-group/11/'}, 'move_learn_method': {'name': 'machine', 'url': 'https://pokeapi.co/api/v2/move-learn-method/4/'}, 'order': None}, {'level_learned_at': 0, 'version_group': {'name': 'colosseum', 'url': 'https://pokeapi.co/api/v2/version-group/12/'}, 'move_learn_method': {'name': 'machine', 'url': 'https://pokeapi.co/api/v2/move-learn-method/4/'}, 'order': None}, {'level_learned_at': 0, 'version_group': {'name': 'xd', 'url': 'https://pokeapi.co/api/v2/version-group/13/'}, 'move_learn_method': {'name': 'machine', 'url': 'https://pokeapi.co/api/v2/move-learn-method/4/'}, 'order': None}, {'level_learned_at': 0, 'version_group': {'name': 'black-2-white-2', 'url': 'https://pokeapi.co/api/v2/version-group/14/'}, 'move_learn_method': {'name': 'machine', 'url': 'https://pokeapi.co/api/v2/move-learn-method/4/'}, 'order': None}, {'level_learned_at': 0, 'version_group': {'name': 'x-y', 'url': 'https://pokeapi.co/api/v2/version-group/15/'}, 'move_learn_method': {'name': 'machine', 'url': 'https://pokeapi.co/api/v2/move-learn-method/4/'}, 'order': None}, {'level_learned_at': 0, 'version_group': {'name': 'omega-ruby-alpha-sapphire', 'url': 'https://pokeapi.co/api/v2/version-group/16/'}, 'move_learn_method': {'name': 'machine', 'url': 'https://pokeapi.co/api/v2/move-learn-method/4/'}, 'order': None}, {'level_learned_at': 0, 'version_group': {'name': 'brilliant-diamond-shining-pearl', 'url': 'https://pokeapi.co/api/v2/version-group/23/'}, 'move_learn_method': {'name': 'machine', 'url': 'https://pokeapi.co/api/v2/move-learn-method/4/'}, 'order': None}, {'level_learned_at': 0, 'version_group': {'name': 'red-green-japan', 'url': 'https://pokeapi.co/api/v2/version-group/28/'}, 'move_learn_method': {'name': 'machine', 'url': 'https://pokeapi.co/api/v2/move-learn-method/4/'}, 'order': None}, {'level_learned_at': 0, 'version_group': {'name': 'blue-japan', 'url': 'https://pokeapi.co/api/v2/version-group/29/'}, 'move_learn_method': {'name': 'machine', 'url': 'https://pokeapi.co/api/v2/move-learn-method/4/'}, 'order': None}]}, {'move': {'name': 'bind', 'url': 'https://pokeapi.co/api/v2/move/20/'}, 'version_group_details': [{'level_learned_at': 0, 'version_group': {'name': 'black-2-white-2', 'url': 'https://pokeapi.co/api/v2/version-group/14/'}, 'move_learn_method': {'name': 'tutor', 'url': 'https://pokeapi.co/api/v2/move-learn-method/3/'}, 'order': None}, {'level_learned_at': 0, 'version_group': {'name': 'omega-ruby-alpha-sapphire', 'url': 'https://pokeapi.co/api/v2/version-group/16/'}, 'move_learn_method': {'name': 'tutor', 'url': 'https://pokeapi.co/api/v2/move-learn-method/3/'}, 'order': None}, {'level_learned_at': 0, 'version_group': {'name': 'ultra-sun-ultra-moon', 'url': 'https://pokeapi.co/api/v2/version-group/18/'}, 'move_learn_method': {'name': 'tutor', 'url': 'https://pokeapi.co/api/v2/move-learn-method/3/'}, 'order': None}]}, {'move': {'name': 'vine-whip', 'url': 'https://pokeapi.co/api/v2/move/22/'}, 'version_group_details': [{'level_learned_at': 13, 'version_group': {'name': 'red-blue', 'url': 'https://pokeapi.co/api/v2/version-group/1/'}, 'move_learn_method': {'name': 'level-up', 'url': 'https://pokeapi.co/api/v2/move-learn-method/1/'}, 'order': None}, {'level_learned_at': 13, 'version_group': {'name': 'yellow', 'url': 'https://pokeapi.co/api/v2/version-group/2/'}, 'move_learn_method': {'name': 'level-up', 'url': 'https://pokeapi.co/api/v2/move-learn-method/1/'}, 'order': None}, {'level_learned_at': 10, 'version_group': {'name': 'gold-silver', 'url': 'https://pokeapi.co/api/v2/version-group/3/'}, 'move_learn_method': {'name': 'level-up', 'url': 'https://pokeapi.co/api/v2/move-learn-method/1/'}, 'order': None}, {'level_learned_at': 10, 'version_group': {'name': 'crystal', 'url': 'https://pokeapi.co/api/v2/version-group/4/'}, 'move_learn_method': {'name': 'level-up', 'url': 'https://pokeapi.co/api/v2/move-learn-method/1/'}, 'order': None}, {'level_learned_at': 10, 'version_group': {'name': 'ruby-sapphire', 'url': 'https://pokeapi.co/api/v2/version-group/5/'}, 'move_learn_method': {'name': 'level-up', 'url': 'https://pokeapi.co/api/v2/move-learn-method/1/'}, 'order': None}, {'level_learned_at': 10, 'version_group': {'name': 'emerald', 'url': 'https://pokeapi.co/api/v2/version-group/6/'}, 'move_learn_method': {'name': 'level-up', 'url': 'https://pokeapi.co/api/v2/move-learn-method/1/'}, 'order': None}, {'level_learned_at': 10, 'version_group': {'name': 'firered-leafgreen', 'url': 'https://pokeapi.co/api/v2/version-group/7/'}, 'move_learn_method': {'name': 'level-up', 'url': 'https://pokeapi.co/api/v2/move-learn-method/1/'}, 'order': None}, {'level_learned_at': 9, 'version_group': {'name': 'diamond-pearl', 'url': 'https://pokeapi.co/api/v2/version-group/8/'}, 'move_learn_method': {'name': 'level-up', 'url': 'https://pokeapi.co/api/v2/move-learn-method/1/'}, 'order': None}, {'level_learned_at': 9, 'version_group': {'name': 'platinum', 'url': 'https://pokeapi.co/api/v2/version-group/9/'}, 'move_learn_method': {'name': 'level-up', 'url': 'https://pokeapi.co/api/v2/move-learn-method/1/'}, 'order': None}, {'level_learned_at': 9, 'version_group': {'name': 'heartgold-soulsilver', 'url': 'https://pokeapi.co/api/v2/version-group/10/'}, 'move_learn_method': {'name': 'level-up', 'url': 'https://pokeapi.co/api/v2/move-learn-method/1/'}, 'order': None}, {'level_learned_at': 9, 'version_group': {'name': 'black-white', 'url': 'https://pokeapi.co/api/v2/version-group/11/'}, 'move_learn_method': {'name': 'level-up', 'url': 'https://pokeapi.co/api/v2/move-learn-method/1/'}, 'order': None}, {'level_learned_at': 10, 'version_group': {'name': 'colosseum', 'url': 'https://pokeapi.co/api/v2/version-group/12/'}, 'move_learn_method': {'name': 'level-up', 'url': 'https://pokeapi.co/api/v2/move-learn-method/1/'}, 'order': None}, {'level_learned_at': 10, 'version_group': {'name': 'xd', 'url': 'https://pokeapi.co/api/v2/version-group/13/'}, 'move_learn_method': {'name': 'level-up', 'url': 'https://pokeapi.co/api/v2/move-learn-method/1/'}, 'order': None}, {'level_learned_at': 9, 'version_group': {'name': 'black-2-white-2', 'url': 'https://pokeapi.co/api/v2/version-group/14/'}, 'move_learn_method': {'name': 'level-up', 'url': 'https://pokeapi.co/api/v2/move-learn-method/1/'}, 'order': None}, {'level_learned_at': 9, 'version_group': {'name': 'x-y', 'url': 'https://pokeapi.co/api/v2/version-group/15/'}, 'move_learn_method': {'name': 'level-up', 'url': 'https://pokeapi.co/api/v2/move-learn-method/1/'}, 'order': None}, {'level_learned_at': 9, 'version_group': {'name': 'omega-ruby-alpha-sapphire', 'url': 'https://pokeapi.co/api/v2/version-group/16/'}, 'move_learn_method': {'name': 'level-up', 'url': 'https://pokeapi.co/api/v2/move-learn-method/1/'}, 'order': None}, {'level_learned_at': 7, 'version_group': {'name': 'sun-moon', 'url': 'https://pokeapi.co/api/v2/version-group/17/'}, 'move_learn_method': {'name': 'level-up', 'url': 'https://pokeapi.co/api/v2/move-learn-method/1/'}, 'order': None}, {'level_learned_at': 9, 'version_group': {'name': 'sun-moon', 'url': 'https://pokeapi.co/api/v2/version-group/17/'}, 'move_learn_method': {'name': 'level-up', 'url': 'https://pokeapi.co/api/v2/move-learn-method/1/'}, 'order': None}, {'level_learned_at': 9, 'version_group': {'name': 'ultra-sun-ultra-moon', 'url': 'https://pokeapi.co/api/v2/version-group/18/'}, 'move_learn_method': {'name': 'level-up', 'url': 'https://pokeapi.co/api/v2/move-learn-method/1/'}, 'order': None}, {'level_learned_at': 5, 'version_group': {'name': 'lets-go-pikachu-lets-go-eevee', 'url': 'https://pokeapi.co/api/v2/version-group/19/'}, 'move_learn_method': {'name': 'level-up', 'url': 'https://pokeapi.co/api/v2/move-learn-method/1/'}, 'order': None}, {'level_learned_at': 3, 'version_group': {'name': 'sword-shield', 'url': 'https://pokeapi.co/api/v2/version-group/20/'}, 'move_learn_method': {'name': 'level-up', 'url': 'https://pokeapi.co/api/v2/move-learn-method/1/'}, 'order': None}, {'level_learned_at': 3, 'version_group': {'name': 'brilliant-diamond-shining-pearl', 'url': 'https://pokeapi.co/api/v2/version-group/23/'}, 'move_learn_method': {'name': 'level-up', 'url': 'https://pokeapi.co/api/v2/move-learn-method/1/'}, 'order': None}, {'level_learned_at': 3, 'version_group': {'name': 'scarlet-violet', 'url': 'https://pokeapi.co/api/v2/version-group/25/'}, 'move_learn_method': {'name': 'level-up', 'url': 'https://pokeapi.co/api/v2/move-learn-method/1/'}, 'order': None}, {'level_learned_at': 13, 'version_group': {'name': 'red-green-japan', 'url': 'https://pokeapi.co/api/v2/version-group/28/'}, 'move_learn_method': {'name': 'level-up', 'url': 'https://pokeapi.co/api/v2/move-learn-method/1/'}, 'order': None}, {'level_learned_at': 13, 'version_group': {'name': 'blue-japan', 'url': 'https://pokeapi.co/api/v2/version-group/29/'}, 'move_learn_method': {'name': 'level-up', 'url': 'https://pokeapi.co/api/v2/move-learn-method/1/'}, 'order': None}]}, {'move': {'name': 'headbutt', 'url': 'https://pokeapi.co/api/v2/move/29/'}, 'version_group_details': [{'level_learned_at': 0, 'version_group': {'name': 'gold-silver', 'url': 'https://pokeapi.co/api/v2/version-group/3/'}, 'move_learn_method': {'name': 'machine', 'url': 'https://pokeapi.co/api/v2/move-learn-method/4/'}, 'order': None}, {'level_learned_at': 0, 'version_group': {'name': 'crystal', 'url': 'https://pokeapi.co/api/v2/version-group/4/'}, 'move_learn_method': {'name': 'machine', 'url': 'https://pokeapi.co/api/v2/move-learn-method/4/'}, 'order': None}, {'level_learned_at': 0, 'version_group': {'name': 'heartgold-soulsilver', 'url': 'https://pokeapi.co/api/v2/version-group/10/'}, 'move_learn_method': {'name': 'tutor', 'url': 'https://pokeapi.co/api/v2/move-learn-method/3/'}, 'order': None}, {'level_learned_at': 0, 'version_group': {'name': 'lets-go-pikachu-lets-go-eevee', 'url': 'https://pokeapi.co/api/v2/version-group/19/'}, 'move_learn_method': {'name': 'machine', 'url': 'https://pokeapi.co/api/v2/move-learn-method/4/'}, 'order': None}]}, {'move': {'name': 'tackle', 'url': 'https://pokeapi.co/api/v2/move/33/'}, 'version_group_details': [{'level_learned_at': 1, 'version_group': {'name': 'red-blue', 'url': 'https://pokeapi.co/api/v2/version-group/1/'}, 'move_learn_method': {'name': 'level-up', 'url': 'https://pokeapi.co/api/v2/move-learn-method/1/'}, 'order': 1}, {'level_learned_at': 1, 'version_group': {'name': 'yellow', 'url': 'https://pokeapi.co/api/v2/version-group/2/'}, 'move_learn_method': {'name': 'level-up', 'url': 'https://pokeapi.co/api/v2/move-learn-method/1/'}, 'order': 1}, {'level_learned_at': 1, 'version_group': {'name': 'gold-silver', 'url': 'https://pokeapi.co/api/v2/version-group/3/'}, 'move_learn_method': {'name': 'level-up', 'url': 'https://pokeapi.co/api/v2/move-learn-method/1/'}, 'order': None}, {'level_learned_at': 1, 'version_group': {'name': 'crystal', 'url': 'https://pokeapi.co/api/v2/version-group/4/'}, 'move_learn_method': {'name': 'level-up', 'url': 'https://pokeapi.co/api/v2/move-learn-method/1/'}, 'order': None}, {'level_learned_at': 1, 'version_group': {'name': 'ruby-sapphire', 'url': 'https://pokeapi.co/api/v2/version-group/5/'}, 'move_learn_method': {'name': 'level-up', 'url': 'https://pokeapi.co/api/v2/move-learn-method/1/'}, 'order': None}, {'level_learned_at': 1, 'version_group': {'name': 'emerald', 'url': 'https://pokeapi.co/api/v2/version-group/6/'}, 'move_learn_method': {'name': 'level-up', 'url': 'https://pokeapi.co/api/v2/move-learn-method/1/'}, 'order': None}, {'level_learned_at': 1, 'version_group': {'name': 'firered-leafgreen', 'url': 'https://pokeapi.co/api/v2/version-group/7/'}, 'move_learn_method': {'name': 'level-up', 'url': 'https://pokeapi.co/api/v2/move-learn-method/1/'}, 'order': None}, {'level_learned_at': 1, 'version_group': {'name': 'diamond-pearl', 'url': 'https://pokeapi.co/api/v2/version-group/8/'}, 'move_learn_method': {'name': 'level-up', 'url': 'https://pokeapi.co/api/v2/move-learn-method/1/'}, 'order': None}, {'level_learned_at': 1, 'version_group': {'name': 'platinum', 'url': 'https://pokeapi.co/api/v2/version-group/9/'}, 'move_learn_method': {'name': 'level-up', 'url': 'https://pokeapi.co/api/v2/move-learn-method/1/'}, 'order': None}, {'level_learned_at': 1, 'version_group': {'name': 'heartgold-soulsilver', 'url': 'https://pokeapi.co/api/v2/version-group/10/'}, 'move_learn_method': {'name': 'level-up', 'url': 'https://pokeapi.co/api/v2/move-learn-method/1/'}, 'order': None}, {'level_learned_at': 1, 'version_group': {'name': 'black-white', 'url': 'https://pokeapi.co/api/v2/version-group/11/'}, 'move_learn_method': {'name': 'level-up', 'url': 'https://pokeapi.co/api/v2/move-learn-method/1/'}, 'order': None}, {'level_learned_at': 1, 'version_group': {'name': 'colosseum', 'url': 'https://pokeapi.co/api/v2/version-group/12/'}, 'move_learn_method': {'name': 'level-up', 'url': 'https://pokeapi.co/api/v2/move-learn-method/1/'}, 'order': None}, {'level_learned_at': 1, 'version_group': {'name': 'xd', 'url': 'https://pokeapi.co/api/v2/version-group/13/'}, 'move_learn_method': {'name': 'level-up', 'url': 'https://pokeapi.co/api/v2/move-learn-method/1/'}, 'order': None}, {'level_learned_at': 1, 'version_group': {'name': 'black-2-white-2', 'url': 'https://pokeapi.co/api/v2/version-group/14/'}, 'move_learn_method': {'name': 'level-up', 'url': 'https://pokeapi.co/api/v2/move-learn-method/1/'}, 'order': None}, {'level_learned_at': 1, 'version_group': {'name': 'x-y', 'url': 'https://pokeapi.co/api/v2/version-group/15/'}, 'move_learn_method': {'name': 'level-up', 'url': 'https://pokeapi.co/api/v2/move-learn-method/1/'}, 'order': None}, {'level_learned_at': 1, 'version_group': {'name': 'omega-ruby-alpha-sapphire', 'url': 'https://pokeapi.co/api/v2/version-group/16/'}, 'move_learn_method': {'name': 'level-up', 'url': 'https://pokeapi.co/api/v2/move-learn-method/1/'}, 'order': None}, {'level_learned_at': 1, 'version_group': {'name': 'sun-moon', 'url': 'https://pokeapi.co/api/v2/version-group/17/'}, 'move_learn_method': {'name': 'level-up', 'url': 'https://pokeapi.co/api/v2/move-learn-method/1/'}, 'order': None}, {'level_learned_at': 1, 'version_group': {'name': 'ultra-sun-ultra-moon', 'url': 'https://pokeapi.co/api/v2/version-group/18/'}, 'move_learn_method': {'name': 'level-up', 'url': 'https://pokeapi.co/api/v2/move-learn-method/1/'}, 'order': None}, {'level_learned_at': 1, 'version_group': {'name': 'lets-go-pikachu-lets-go-eevee', 'url': 'https://pokeapi.co/api/v2/version-group/19/'}, 'move_learn_method': {'name': 'level-up', 'url': 'https://pokeapi.co/api/v2/move-learn-method/1/'}, 'order': 1}, {'level_learned_at': 1, 'version_group': {'name': 'sword-shield', 'url': 'https://pokeapi.co/api/v2/version-group/20/'}, 'move_learn_method': {'name': 'level-up', 'url': 'https://pokeapi.co/api/v2/move-learn-method/1/'}, 'order': 1}, {'level_learned_at': 1, 'version_group': {'name': 'brilliant-diamond-shining-pearl', 'url': 'https://pokeapi.co/api/v2/version-group/23/'}, 'move_learn_method': {'name': 'level-up', 'url': 'https://pokeapi.co/api/v2/move-learn-method/1/'}, 'order': 2}, {'level_learned_at': 1, 'version_group': {'name': 'scarlet-violet', 'url': 'https://pokeapi.co/api/v2/version-group/25/'}, 'move_learn_method': {'name': 'level-up', 'url': 'https://pokeapi.co/api/v2/move-learn-method/1/'}, 'order': 1}, {'level_learned_at': 1, 'version_group': {'name': 'red-green-japan', 'url': 'https://pokeapi.co/api/v2/version-group/28/'}, 'move_learn_method': {'name': 'level-up', 'url': 'https://pokeapi.co/api/v2/move-learn-method/1/'}, 'order': 1}, {'level_learned_at': 1, 'version_group': {'name': 'blue-japan', 'url': 'https://pokeapi.co/api/v2/version-group/29/'}, 'move_learn_method': {'name': 'level-up', 'url': 'https://pokeapi.co/api/v2/move-learn-method/1/'}, 'order': 1}]}, {'move': {'name': 'body-slam', 'url': 'https://pokeapi.co/api/v2/move/34/'}, 'version_group_details': [{'level_learned_at': 0, 'version_group': {'name': 'red-blue', 'url': 'https://pokeapi.co/api/v2/version-group/1/'}, 'move_learn_method': {'name': 'machine', 'url': 'https://pokeapi.co/api/v2/move-learn-method/4/'}, 'order': None}, {'level_learned_at': 0, 'version_group': {'name': 'yellow', 'url': 'https://pokeapi.co/api/v2/version-group/2/'}, 'move_learn_method': {'name': 'machine', 'url': 'https://pokeapi.co/api/v2/move-learn-method/4/'}, 'order': None}, {'level_learned_at': 0, 'version_group': {'name': 'emerald', 'url': 'https://pokeapi.co/api/v2/version-group/6/'}, 'move_learn_method': {'name': 'tutor', 'url': 'https://pokeapi.co/api/v2/move-learn-method/3/'}, 'order': None}, {'level_learned_at': 0, 'version_group': {'name': 'firered-leafgreen', 'url': 'https://pokeapi.co/api/v2/version-group/7/'}, 'move_learn_method': {'name': 'tutor', 'url': 'https://pokeapi.co/api/v2/move-learn-method/3/'}, 'order': None}, {'level_learned_at': 0, 'version_group': {'name': 'xd', 'url': 'https://pokeapi.co/api/v2/version-group/13/'}, 'move_learn_method': {'name': 'tutor', 'url': 'https://pokeapi.co/api/v2/move-learn-method/3/'}, 'order': None}, {'level_learned_at': 0, 'version_group': {'name': 'sword-shield', 'url': 'https://pokeapi.co/api/v2/version-group/20/'}, 'move_learn_method': {'name': 'machine', 'url': 'https://pokeapi.co/api/v2/move-learn-method/4/'}, 'order': None}, {'level_learned_at': 0, 'version_group': {'name': 'scarlet-violet', 'url': 'https://pokeapi.co/api/v2/version-group/25/'}, 'move_learn_method': {'name': 'machine', 'url': 'https://pokeapi.co/api/v2/move-learn-method/4/'}, 'order': None}, {'level_learned_at': 0, 'version_group': {'name': 'red-green-japan', 'url': 'https://pokeapi.co/api/v2/version-group/28/'}, 'move_learn_method': {'name': 'machine', 'url': 'https://pokeapi.co/api/v2/move-learn-method/4/'}, 'order': None}, {'level_learned_at': 0, 'version_group': {'name': 'blue-japan', 'url': 'https://pokeapi.co/api/v2/version-group/29/'}, 'move_learn_method': {'name': 'machine', 'url': 'https://pokeapi.co/api/v2/move-learn-method/4/'}, 'order': None}]}, {'move': {'name': 'take-down', 'url': 'https://pokeapi.co/api/v2/move/36/'}, 'version_group_details': [{'level_learned_at': 0, 'version_group': {'name': 'red-blue', 'url': 'https://pokeapi.co/api/v2/version-group/1/'}, 'move_learn_method': {'name': 'machine', 'url': 'https://pokeapi.co/api/v2/move-learn-method/4/'}, 'order': None}, {'level_learned_at': 0, 'version_group': {'name': 'yellow', 'url': 'https://pokeapi.co/api/v2/version-group/2/'}, 'move_learn_method': {'name': 'machine', 'url': 'https://pokeapi.co/api/v2/move-learn-method/4/'}, 'order': None}, {'level_learned_at': 15, 'version_group': {'name': 'diamond-pearl', 'url': 'https://pokeapi.co/api/v2/version-group/8/'}, 'move_learn_method': {'name': 'level-up', 'url': 'https://pokeapi.co/api/v2/move-learn-method/1/'}, 'order': None}, {'level_learned_at': 15, 'version_group': {'name': 'platinum', 'url': 'https://pokeapi.co/api/v2/version-group/9/'}, 'move_learn_method': {'name': 'level-up', 'url': 'https://pokeapi.co/api/v2/move-learn-method/1/'}, 'order': None}, {'level_learned_at': 15, 'version_group': {'name': 'heartgold-soulsilver', 'url': 'https://pokeapi.co/api/v2/version-group/10/'}, 'move_learn_method': {'name': 'level-up', 'url': 'https://pokeapi.co/api/v2/move-learn-method/1/'}, 'order': None}, {'level_learned_at': 15, 'version_group': {'name': 'black-white', 'url': 'https://pokeapi.co/api/v2/version-group/11/'}, 'move_learn_method': {'name': 'level-up', 'url': 'https://pokeapi.co/api/v2/move-learn-method/1/'}, 'order': None}, {'level_learned_at': 15, 'version_group': {'name': 'black-2-white-2', 'url': 'https://pokeapi.co/api/v2/version-group/14/'}, 'move_learn_method': {'name': 'level-up', 'url': 'https://pokeapi.co/api/v2/move-learn-method/1/'}, 'order': None}, {'level_learned_at': 15, 'version_group': {'name': 'x-y', 'url': 'https://pokeapi.co/api/v2/version-group/15/'}, 'move_learn_method': {'name': 'level-up', 'url': 'https://pokeapi.co/api/v2/move-learn-method/1/'}, 'order': None}, {'level_learned_at': 15, 'version_group': {'name': 'omega-ruby-alpha-sapphire', 'url': 'https://pokeapi.co/api/v2/version-group/16/'}, 'move_learn_method': {'name': 'level-up', 'url': 'https://pokeapi.co/api/v2/move-learn-method/1/'}, 'order': None}, {'level_learned_at': 15, 'version_group': {'name': 'sun-moon', 'url': 'https://pokeapi.co/api/v2/version-group/17/'}, 'move_learn_method': {'name': 'level-up', 'url': 'https://pokeapi.co/api/v2/move-learn-method/1/'}, 'order': None}, {'level_learned_at': 15, 'version_group': {'name': 'ultra-sun-ultra-moon', 'url': 'https://pokeapi.co/api/v2/version-group/18/'}, 'move_learn_method': {'name': 'level-up', 'url': 'https://pokeapi.co/api/v2/move-learn-method/1/'}, 'order': None}, {'level_learned_at': 18, 'version_group': {'name': 'lets-go-pikachu-lets-go-eevee', 'url': 'https://pokeapi.co/api/v2/version-group/19/'}, 'move_learn_method': {'name': 'level-up', 'url': 'https://pokeapi.co/api/v2/move-learn-method/1/'}, 'order': None}, {'level_learned_at': 21, 'version_group': {'name': 'sword-shield', 'url': 'https://pokeapi.co/api/v2/version-group/20/'}, 'move_learn_method': {'name': 'level-up', 'url': 'https://pokeapi.co/api/v2/move-learn-method/1/'}, 'order': None}, {'level_learned_at': 21, 'version_group': {'name': 'brilliant-diamond-shining-pearl', 'url': 'https://pokeapi.co/api/v2/version-group/23/'}, 'move_learn_method': {'name': 'level-up', 'url': 'https://pokeapi.co/api/v2/move-learn-method/1/'}, 'order': None}, {'level_learned_at': 21, 'version_group': {'name': 'scarlet-violet', 'url': 'https://pokeapi.co/api/v2/version-group/25/'}, 'move_learn_method': {'name': 'level-up', 'url': 'https://pokeapi.co/api/v2/move-learn-method/1/'}, 'order': None}, {'level_learned_at': 0, 'version_group': {'name': 'scarlet-violet', 'url': 'https://pokeapi.co/api/v2/version-group/25/'}, 'move_learn_method': {'name': 'machine', 'url': 'https://pokeapi.co/api/v2/move-learn-method/4/'}, 'order': None}, {'level_learned_at': 0, 'version_group': {'name': 'red-green-japan', 'url': 'https://pokeapi.co/api/v2/version-group/28/'}, 'move_learn_method': {'name': 'machine', 'url': 'https://pokeapi.co/api/v2/move-learn-method/4/'}, 'order': None}, {'level_learned_at': 0, 'version_group': {'name': 'blue-japan', 'url': 'https://pokeapi.co/api/v2/version-group/29/'}, 'move_learn_method': {'name': 'machine', 'url': 'https://pokeapi.co/api/v2/move-learn-method/4/'}, 'order': None}]}, {'move': {'name': 'double-edge', 'url': 'https://pokeapi.co/api/v2/move/38/'}, 'version_group_details': [{'level_learned_at': 0, 'version_group': {'name': 'red-blue', 'url': 'https://pokeapi.co/api/v2/version-group/1/'}, 'move_learn_method': {'name': 'machine', 'url': 'https://pokeapi.co/api/v2/move-learn-method/4/'}, 'order': None}, {'level_learned_at': 0, 'version_group': {'name': 'yellow', 'url': 'https://pokeapi.co/api/v2/version-group/2/'}, 'move_learn_method': {'name': 'machine', 'url': 'https://pokeapi.co/api/v2/move-learn-method/4/'}, 'order': None}, {'level_learned_at': 0, 'version_group': {'name': 'emerald', 'url': 'https://pokeapi.co/api/v2/version-group/6/'}, 'move_learn_method': {'name': 'tutor', 'url': 'https://pokeapi.co/api/v2/move-learn-method/3/'}, 'order': None}, {'level_learned_at': 0, 'version_group': {'name': 'firered-leafgreen', 'url': 'https://pokeapi.co/api/v2/version-group/7/'}, 'move_learn_method': {'name': 'tutor', 'url': 'https://pokeapi.co/api/v2/move-learn-method/3/'}, 'order': None}, {'level_learned_at': 27, 'version_group': {'name': 'diamond-pearl', 'url': 'https://pokeapi.co/api/v2/version-group/8/'}, 'move_learn_method': {'name': 'level-up', 'url': 'https://pokeapi.co/api/v2/move-learn-method/1/'}, 'order': None}, {'level_learned_at': 27, 'version_group': {'name': 'platinum', 'url': 'https://pokeapi.co/api/v2/version-group/9/'}, 'move_learn_method': {'name': 'level-up', 'url': 'https://pokeapi.co/api/v2/move-learn-method/1/'}, 'order': None}, {'level_learned_at': 27, 'version_group': {'name': 'heartgold-soulsilver', 'url': 'https://pokeapi.co/api/v2/version-group/10/'}, 'move_learn_method': {'name': 'level-up', 'url': 'https://pokeapi.co/api/v2/move-learn-method/1/'}, 'order': None}, {'level_learned_at': 27, 'version_group': {'name': 'black-white', 'url': 'https://pokeapi.co/api/v2/version-group/11/'}, 'move_learn_method': {'name': 'level-up', 'url': 'https://pokeapi.co/api/v2/move-learn-method/1/'}, 'order': None}, {'level_learned_at': 0, 'version_group': {'name': 'xd', 'url': 'https://pokeapi.co/api/v2/version-group/13/'}, 'move_learn_method': {'name': 'tutor', 'url': 'https://pokeapi.co/api/v2/move-learn-method/3/'}, 'order': None}, {'level_learned_at': 27, 'version_group': {'name': 'black-2-white-2', 'url': 'https://pokeapi.co/api/v2/version-group/14/'}, 'move_learn_method': {'name': 'level-up', 'url': 'https://pokeapi.co/api/v2/move-learn-method/1/'}, 'order': None}, {'level_learned_at': 27, 'version_group': {'name': 'x-y', 'url': 'https://pokeapi.co/api/v2/version-group/15/'}, 'move_learn_method': {'name': 'level-up', 'url': 'https://pokeapi.co/api/v2/move-learn-method/1/'}, 'order': None}, {'level_learned_at': 27, 'version_group': {'name': 'omega-ruby-alpha-sapphire', 'url': 'https://pokeapi.co/api/v2/version-group/16/'}, 'move_learn_method': {'name': 'level-up', 'url': 'https://pokeapi.co/api/v2/move-learn-method/1/'}, 'order': None}, {'level_learned_at': 27, 'version_group': {'name': 'sun-moon', 'url': 'https://pokeapi.co/api/v2/version-group/17/'}, 'move_learn_method': {'name': 'level-up', 'url': 'https://pokeapi.co/api/v2/move-learn-method/1/'}, 'order': None}, {'level_learned_at': 27, 'version_group': {'name': 'ultra-sun-ultra-moon', 'url': 'https://pokeapi.co/api/v2/version-group/18/'}, 'move_learn_method': {'name': 'level-up', 'url': 'https://pokeapi.co/api/v2/move-learn-method/1/'}, 'order': None}, {'level_learned_at': 32, 'version_group': {'name': 'lets-go-pikachu-lets-go-eevee', 'url': 'https://pokeapi.co/api/v2/version-group/19/'}, 'move_learn_method': {'name': 'level-up', 'url': 'https://pokeapi.co/api/v2/move-learn-method/1/'}, 'order': None}, {'level_learned_at': 33, 'version_group': {'name': 'sword-shield', 'url': 'https://pokeapi.co/api/v2/version-group/20/'}, 'move_learn_method': {'name': 'level-up', 'url': 'https://pokeapi.co/api/v2/move-learn-method/1/'}, 'order': None}, {'level_learned_at': 33, 'version_group': {'name': 'brilliant-diamond-shining-pearl', 'url': 'https://pokeapi.co/api/v2/version-group/23/'}, 'move_learn_method': {'name': 'level-up', 'url': 'https://pokeapi.co/api/v2/move-learn-method/1/'}, 'order': None}, {'level_learned_at': 0, 'version_group': {'name': 'scarlet-violet', 'url': 'https://pokeapi.co/api/v2/version-group/25/'}, 'move_learn_method': {'name': 'machine', 'url': 'https://pokeapi.co/api/v2/move-learn-method/4/'}, 'order': None}, {'level_learned_at': 0, 'version_group': {'name': 'red-green-japan', 'url': 'https://pokeapi.co/api/v2/version-group/28/'}, 'move_learn_method': {'name': 'machine', 'url': 'https://pokeapi.co/api/v2/move-learn-method/4/'}, 'order': None}, {'level_learned_at': 0, 'version_group': {'name': 'blue-japan', 'url': 'https://pokeapi.co/api/v2/version-group/29/'}, 'move_learn_method': {'name': 'machine', 'url': 'https://pokeapi.co/api/v2/move-learn-method/4/'}, 'order': None}]}, {'move': {'name': 'growl', 'url': 'https://pokeapi.co/api/v2/move/45/'}, 'version_group_details': [{'level_learned_at': 1, 'version_group': {'name': 'red-blue', 'url': 'https://pokeapi.co/api/v2/version-group/1/'}, 'move_learn_method': {'name': 'level-up', 'url': 'https://pokeapi.co/api/v2/move-learn-method/1/'}, 'order': 2}, {'level_learned_at': 1, 'version_group': {'name': 'yellow', 'url': 'https://pokeapi.co/api/v2/version-group/2/'}, 'move_learn_method': {'name': 'level-up', 'url': 'https://pokeapi.co/api/v2/move-learn-method/1/'}, 'order': 2}, {'level_learned_at': 4, 'version_group': {'name': 'gold-silver', 'url': 'https://pokeapi.co/api/v2/version-group/3/'}, 'move_learn_method': {'name': 'level-up', 'url': 'https://pokeapi.co/api/v2/move-learn-method/1/'}, 'order': None}, {'level_learned_at': 4, 'version_group': {'name': 'crystal', 'url': 'https://pokeapi.co/api/v2/version-group/4/'}, 'move_learn_method': {'name': 'level-up', 'url': 'https://pokeapi.co/api/v2/move-learn-method/1/'}, 'order': None}, {'level_learned_at': 4, 'version_group': {'name': 'ruby-sapphire', 'url': 'https://pokeapi.co/api/v2/version-group/5/'}, 'move_learn_method': {'name': 'level-up', 'url': 'https://pokeapi.co/api/v2/move-learn-method/1/'}, 'order': None}, {'level_learned_at': 4, 'version_group': {'name': 'emerald', 'url': 'https://pokeapi.co/api/v2/version-group/6/'}, 'move_learn_method': {'name': 'level-up', 'url': 'https://pokeapi.co/api/v2/move-learn-method/1/'}, 'order': None}, {'level_learned_at': 4, 'version_group': {'name': 'firered-leafgreen', 'url': 'https://pokeapi.co/api/v2/version-group/7/'}, 'move_learn_method': {'name': 'level-up', 'url': 'https://pokeapi.co/api/v2/move-learn-method/1/'}, 'order': None}, {'level_learned_at': 3, 'version_group': {'name': 'diamond-pearl', 'url': 'https://pokeapi.co/api/v2/version-group/8/'}, 'move_learn_method': {'name': 'level-up', 'url': 'https://pokeapi.co/api/v2/move-learn-method/1/'}, 'order': None}, {'level_learned_at': 3, 'version_group': {'name': 'platinum', 'url': 'https://pokeapi.co/api/v2/version-group/9/'}, 'move_learn_method': {'name': 'level-up', 'url': 'https://pokeapi.co/api/v2/move-learn-method/1/'}, 'order': None}, {'level_learned_at': 3, 'version_group': {'name': 'heartgold-soulsilver', 'url': 'https://pokeapi.co/api/v2/version-group/10/'}, 'move_learn_method': {'name': 'level-up', 'url': 'https://pokeapi.co/api/v2/move-learn-method/1/'}, 'order': None}, {'level_learned_at': 3, 'version_group': {'name': 'black-white', 'url': 'https://pokeapi.co/api/v2/version-group/11/'}, 'move_learn_method': {'name': 'level-up', 'url': 'https://pokeapi.co/api/v2/move-learn-method/1/'}, 'order': None}, {'level_learned_at': 4, 'version_group': {'name': 'colosseum', 'url': 'https://pokeapi.co/api/v2/version-group/12/'}, 'move_learn_method': {'name': 'level-up', 'url': 'https://pokeapi.co/api/v2/move-learn-method/1/'}, 'order': None}, {'level_learned_at': 4, 'version_group': {'name': 'xd', 'url': 'https://pokeapi.co/api/v2/version-group/13/'}, 'move_learn_method': {'name': 'level-up', 'url': 'https://pokeapi.co/api/v2/move-learn-method/1/'}, 'order': None}, {'level_learned_at': 3, 'version_group': {'name': 'black-2-white-2', 'url': 'https://pokeapi.co/api/v2/version-group/14/'}, 'move_learn_method': {'name': 'level-up', 'url': 'https://pokeapi.co/api/v2/move-learn-method/1/'}, 'order': None}, {'level_learned_at': 3, 'version_group': {'name': 'x-y', 'url': 'https://pokeapi.co/api/v2/version-group/15/'}, 'move_learn_method': {'name': 'level-up', 'url': 'https://pokeapi.co/api/v2/move-learn-method/1/'}, 'order': None}, {'level_learned_at': 3, 'version_group': {'name': 'omega-ruby-alpha-sapphire', 'url': 'https://pokeapi.co/api/v2/version-group/16/'}, 'move_learn_method': {'name': 'level-up', 'url': 'https://pokeapi.co/api/v2/move-learn-method/1/'}, 'order': None}, {'level_learned_at': 3, 'version_group': {'name': 'sun-moon', 'url': 'https://pokeapi.co/api/v2/version-group/17/'}, 'move_learn_method': {'name': 'level-up', 'url': 'https://pokeapi.co/api/v2/move-learn-method/1/'}, 'order': None}, {'level_learned_at': 3, 'version_group': {'name': 'ultra-sun-ultra-moon', 'url': 'https://pokeapi.co/api/v2/version-group/18/'}, 'move_learn_method': {'name': 'level-up', 'url': 'https://pokeapi.co/api/v2/move-learn-method/1/'}, 'order': None}, {'level_learned_at': 1, 'version_group': {'name': 'lets-go-pikachu-lets-go-eevee', 'url': 'https://pokeapi.co/api/v2/version-group/19/'}, 'move_learn_method': {'name': 'level-up', 'url': 'https://pokeapi.co/api/v2/move-learn-method/1/'}, 'order': 2}, {'level_learned_at': 1, 'version_group': {'name': 'sword-shield', 'url': 'https://pokeapi.co/api/v2/version-group/20/'}, 'move_learn_method': {'name': 'level-up', 'url': 'https://pokeapi.co/api/v2/move-learn-method/1/'}, 'order': 2}, {'level_learned_at': 1, 'version_group': {'name': 'brilliant-diamond-shining-pearl', 'url': 'https://pokeapi.co/api/v2/version-group/23/'}, 'move_learn_method': {'name': 'level-up', 'url': 'https://pokeapi.co/api/v2/move-learn-method/1/'}, 'order': 1}, {'level_learned_at': 1, 'version_group': {'name': 'scarlet-violet', 'url': 'https://pokeapi.co/api/v2/version-group/25/'}, 'move_learn_method': {'name': 'level-up', 'url': 'https://pokeapi.co/api/v2/move-learn-method/1/'}, 'order': 2}, {'level_learned_at': 1, 'version_group': {'name': 'red-green-japan', 'url': 'https://pokeapi.co/api/v2/version-group/28/'}, 'move_learn_method': {'name': 'level-up', 'url': 'https://pokeapi.co/api/v2/move-learn-method/1/'}, 'order': 2}, {'level_learned_at': 1, 'version_group': {'name': 'blue-japan', 'url': 'https://pokeapi.co/api/v2/version-group/29/'}, 'move_learn_method': {'name': 'level-up', 'url': 'https://pokeapi.co/api/v2/move-learn-method/1/'}, 'order': 2}]}, {'move': {'name': 'strength', 'url': 'https://pokeapi.co/api/v2/move/70/'}, 'version_group_details': [{'level_learned_at': 0, 'version_group': {'name': 'ruby-sapphire', 'url': 'https://pokeapi.co/api/v2/version-group/5/'}, 'move_learn_method': {'name': 'machine', 'url': 'https://pokeapi.co/api/v2/move-learn-method/4/'}, 'order': None}, {'level_learned_at': 0, 'version_group': {'name': 'emerald', 'url': 'https://pokeapi.co/api/v2/version-group/6/'}, 'move_learn_method': {'name': 'machine', 'url': 'https://pokeapi.co/api/v2/move-learn-method/4/'}, 'order': None}, {'level_learned_at': 0, 'version_group': {'name': 'firered-leafgreen', 'url': 'https://pokeapi.co/api/v2/version-group/7/'}, 'move_learn_method': {'name': 'machine', 'url': 'https://pokeapi.co/api/v2/move-learn-method/4/'}, 'order': None}, {'level_learned_at': 0, 'version_group': {'name': 'diamond-pearl', 'url': 'https://pokeapi.co/api/v2/version-group/8/'}, 'move_learn_method': {'name': 'machine', 'url': 'https://pokeapi.co/api/v2/move-learn-method/4/'}, 'order': None}, {'level_learned_at': 0, 'version_group': {'name': 'platinum', 'url': 'https://pokeapi.co/api/v2/version-group/9/'}, 'move_learn_method': {'name': 'machine', 'url': 'https://pokeapi.co/api/v2/move-learn-method/4/'}, 'order': None}, {'level_learned_at': 0, 'version_group': {'name': 'heartgold-soulsilver', 'url': 'https://pokeapi.co/api/v2/version-group/10/'}, 'move_learn_method': {'name': 'machine', 'url': 'https://pokeapi.co/api/v2/move-learn-method/4/'}, 'order': None}, {'level_learned_at': 0, 'version_group': {'name': 'black-white', 'url': 'https://pokeapi.co/api/v2/version-group/11/'}, 'move_learn_method': {'name': 'machine', 'url': 'https://pokeapi.co/api/v2/move-learn-method/4/'}, 'order': None}, {'level_learned_at': 0, 'version_group': {'name': 'colosseum', 'url': 'https://pokeapi.co/api/v2/version-group/12/'}, 'move_learn_method': {'name': 'machine', 'url': 'https://pokeapi.co/api/v2/move-learn-method/4/'}, 'order': None}, {'level_learned_at': 0, 'version_group': {'name': 'xd', 'url': 'https://pokeapi.co/api/v2/version-group/13/'}, 'move_learn_method': {'name': 'machine', 'url': 'https://pokeapi.co/api/v2/move-learn-method/4/'}, 'order': None}, {'level_learned_at': 0, 'version_group': {'name': 'black-2-white-2', 'url': 'https://pokeapi.co/api/v2/version-group/14/'}, 'move_learn_method': {'name': 'machine', 'url': 'https://pokeapi.co/api/v2/move-learn-method/4/'}, 'order': None}, {'level_learned_at': 0, 'version_group': {'name': 'x-y', 'url': 'https://pokeapi.co/api/v2/version-group/15/'}, 'move_learn_method': {'name': 'machine', 'url': 'https://pokeapi.co/api/v2/move-learn-method/4/'}, 'order': None}, {'level_learned_at': 0, 'version_group': {'name': 'omega-ruby-alpha-sapphire', 'url': 'https://pokeapi.co/api/v2/version-group/16/'}, 'move_learn_method': {'name': 'machine', 'url': 'https://pokeapi.co/api/v2/move-learn-method/4/'}, 'order': None}, {'level_learned_at': 0, 'version_group': {'name': 'brilliant-diamond-shining-pearl', 'url': 'https://pokeapi.co/api/v2/version-group/23/'}, 'move_learn_method': {'name': 'machine', 'url': 'https://pokeapi.co/api/v2/move-learn-method/4/'}, 'order': None}]}, {'move': {'name': 'mega-drain', 'url': 'https://pokeapi.co/api/v2/move/72/'}, 'version_group_details': [{'level_learned_at': 0, 'version_group': {'name': 'red-blue', 'url': 'https://pokeapi.co/api/v2/version-group/1/'}, 'move_learn_method': {'name': 'machine', 'url': 'https://pokeapi.co/api/v2/move-learn-method/4/'}, 'order': None}, {'level_learned_at': 0, 'version_group': {'name': 'yellow', 'url': 'https://pokeapi.co/api/v2/version-group/2/'}, 'move_learn_method': {'name': 'machine', 'url': 'https://pokeapi.co/api/v2/move-learn-method/4/'}, 'order': None}, {'level_learned_at': 0, 'version_group': {'name': 'lets-go-pikachu-lets-go-eevee', 'url': 'https://pokeapi.co/api/v2/version-group/19/'}, 'move_learn_method': {'name': 'machine', 'url': 'https://pokeapi.co/api/v2/move-learn-method/4/'}, 'order': None}, {'level_learned_at': 0, 'version_group': {'name': 'red-green-japan', 'url': 'https://pokeapi.co/api/v2/version-group/28/'}, 'move_learn_method': {'name': 'machine', 'url': 'https://pokeapi.co/api/v2/move-learn-method/4/'}, 'order': None}, {'level_learned_at': 0, 'version_group': {'name': 'blue-japan', 'url': 'https://pokeapi.co/api/v2/version-group/29/'}, 'move_learn_method': {'name': 'machine', 'url': 'https://pokeapi.co/api/v2/move-learn-method/4/'}, 'order': None}]}, {'move': {'name': 'leech-seed', 'url': 'https://pokeapi.co/api/v2/move/73/'}, 'version_group_details': [{'level_learned_at': 7, 'version_group': {'name': 'red-blue', 'url': 'https://pokeapi.co/api/v2/version-group/1/'}, 'move_learn_method': {'name': 'level-up', 'url': 'https://pokeapi.co/api/v2/move-learn-method/1/'}, 'order': None}, {'level_learned_at': 7, 'version_group': {'name': 'yellow', 'url': 'https://pokeapi.co/api/v2/version-group/2/'}, 'move_learn_method': {'name': 'level-up', 'url': 'https://pokeapi.co/api/v2/move-learn-method/1/'}, 'order': None}, {'level_learned_at': 7, 'version_group': {'name': 'gold-silver', 'url': 'https://pokeapi.co/api/v2/version-group/3/'}, 'move_learn_method': {'name': 'level-up', 'url': 'https://pokeapi.co/api/v2/move-learn-method/1/'}, 'order': None}, {'level_learned_at': 7, 'version_group': {'name': 'crystal', 'url': 'https://pokeapi.co/api/v2/version-group/4/'}, 'move_learn_method': {'name': 'level-up', 'url': 'https://pokeapi.co/api/v2/move-learn-method/1/'}, 'order': None}, {'level_learned_at': 7, 'version_group': {'name': 'ruby-sapphire', 'url': 'https://pokeapi.co/api/v2/version-group/5/'}, 'move_learn_method': {'name': 'level-up', 'url': 'https://pokeapi.co/api/v2/move-learn-method/1/'}, 'order': None}, {'level_learned_at': 7, 'version_group': {'name': 'emerald', 'url': 'https://pokeapi.co/api/v2/version-group/6/'}, 'move_learn_method': {'name': 'level-up', 'url': 'https://pokeapi.co/api/v2/move-learn-method/1/'}, 'order': None}, {'level_learned_at': 7, 'version_group': {'name': 'firered-leafgreen', 'url': 'https://pokeapi.co/api/v2/version-group/7/'}, 'move_learn_method': {'name': 'level-up', 'url': 'https://pokeapi.co/api/v2/move-learn-method/1/'}, 'order': None}, {'level_learned_at': 7, 'version_group': {'name': 'diamond-pearl', 'url': 'https://pokeapi.co/api/v2/version-group/8/'}, 'move_learn_method': {'name': 'level-up', 'url': 'https://pokeapi.co/api/v2/move-learn-method/1/'}, 'order': None}, {'level_learned_at': 7, 'version_group': {'name': 'platinum', 'url': 'https://pokeapi.co/api/v2/version-group/9/'}, 'move_learn_method': {'name': 'level-up', 'url': 'https://pokeapi.co/api/v2/move-learn-method/1/'}, 'order': None}, {'level_learned_at': 7, 'version_group': {'name': 'heartgold-soulsilver', 'url': 'https://pokeapi.co/api/v2/version-group/10/'}, 'move_learn_method': {'name': 'level-up', 'url': 'https://pokeapi.co/api/v2/move-learn-method/1/'}, 'order': None}, {'level_learned_at': 7, 'version_group': {'name': 'black-white', 'url': 'https://pokeapi.co/api/v2/version-group/11/'}, 'move_learn_method': {'name': 'level-up', 'url': 'https://pokeapi.co/api/v2/move-learn-method/1/'}, 'order': None}, {'level_learned_at': 7, 'version_group': {'name': 'colosseum', 'url': 'https://pokeapi.co/api/v2/version-group/12/'}, 'move_learn_method': {'name': 'level-up', 'url': 'https://pokeapi.co/api/v2/move-learn-method/1/'}, 'order': None}, {'level_learned_at': 7, 'version_group': {'name': 'xd', 'url': 'https://pokeapi.co/api/v2/version-group/13/'}, 'move_learn_method': {'name': 'level-up', 'url': 'https://pokeapi.co/api/v2/move-learn-method/1/'}, 'order': None}, {'level_learned_at': 7, 'version_group': {'name': 'black-2-white-2', 'url': 'https://pokeapi.co/api/v2/version-group/14/'}, 'move_learn_method': {'name': 'level-up', 'url': 'https://pokeapi.co/api/v2/move-learn-method/1/'}, 'order': None}, {'level_learned_at': 7, 'version_group': {'name': 'x-y', 'url': 'https://pokeapi.co/api/v2/version-group/15/'}, 'move_learn_method': {'name': 'level-up', 'url': 'https://pokeapi.co/api/v2/move-learn-method/1/'}, 'order': None}, {'level_learned_at': 7, 'version_group': {'name': 'omega-ruby-alpha-sapphire', 'url': 'https://pokeapi.co/api/v2/version-group/16/'}, 'move_learn_method': {'name': 'level-up', 'url': 'https://pokeapi.co/api/v2/move-learn-method/1/'}, 'order': None}, {'level_learned_at': 7, 'version_group': {'name': 'ultra-sun-ultra-moon', 'url': 'https://pokeapi.co/api/v2/version-group/18/'}, 'move_learn_method': {'name': 'level-up', 'url': 'https://pokeapi.co/api/v2/move-learn-method/1/'}, 'order': None}, {'level_learned_at': 9, 'version_group': {'name': 'lets-go-pikachu-lets-go-eevee', 'url': 'https://pokeapi.co/api/v2/version-group/19/'}, 'move_learn_method': {'name': 'level-up', 'url': 'https://pokeapi.co/api/v2/move-learn-method/1/'}, 'order': None}, {'level_learned_at': 9, 'version_group': {'name': 'sword-shield', 'url': 'https://pokeapi.co/api/v2/version-group/20/'}, 'move_learn_method': {'name': 'level-up', 'url': 'https://pokeapi.co/api/v2/move-learn-method/1/'}, 'order': None}, {'level_learned_at': 9, 'version_group': {'name': 'brilliant-diamond-shining-pearl', 'url': 'https://pokeapi.co/api/v2/version-group/23/'}, 'move_learn_method': {'name': 'level-up', 'url': 'https://pokeapi.co/api/v2/move-learn-method/1/'}, 'order': None}, {'level_learned_at': 9, 'version_group': {'name': 'scarlet-violet', 'url': 'https://pokeapi.co/api/v2/version-group/25/'}, 'move_learn_method': {'name': 'level-up', 'url': 'https://pokeapi.co/api/v2/move-learn-method/1/'}, 'order': None}, {'level_learned_at': 7, 'version_group': {'name': 'red-green-japan', 'url': 'https://pokeapi.co/api/v2/version-group/28/'}, 'move_learn_method': {'name': 'level-up', 'url': 'https://pokeapi.co/api/v2/move-learn-method/1/'}, 'order': None}, {'level_learned_at': 7, 'version_group': {'name': 'blue-japan', 'url': 'https://pokeapi.co/api/v2/version-group/29/'}, 'move_learn_method': {'name': 'level-up', 'url': 'https://pokeapi.co/api/v2/move-learn-method/1/'}, 'order': None}]}, {'move': {'name': 'growth', 'url': 'https://pokeapi.co/api/v2/move/74/'}, 'version_group_details': [{'level_learned_at': 34, 'version_group': {'name': 'red-blue', 'url': 'https://pokeapi.co/api/v2/version-group/1/'}, 'move_learn_method': {'name': 'level-up', 'url': 'https://pokeapi.co/api/v2/move-learn-method/1/'}, 'order': None}, {'level_learned_at': 34, 'version_group': {'name': 'yellow', 'url': 'https://pokeapi.co/api/v2/version-group/2/'}, 'move_learn_method': {'name': 'level-up', 'url': 'https://pokeapi.co/api/v2/move-learn-method/1/'}, 'order': None}, {'level_learned_at': 32, 'version_group': {'name': 'gold-silver', 'url': 'https://pokeapi.co/api/v2/version-group/3/'}, 'move_learn_method': {'name': 'level-up', 'url': 'https://pokeapi.co/api/v2/move-learn-method/1/'}, 'order': None}, {'level_learned_at': 32, 'version_group': {'name': 'crystal', 'url': 'https://pokeapi.co/api/v2/version-group/4/'}, 'move_learn_method': {'name': 'level-up', 'url': 'https://pokeapi.co/api/v2/move-learn-method/1/'}, 'order': None}, {'level_learned_at': 32, 'version_group': {'name': 'ruby-sapphire', 'url': 'https://pokeapi.co/api/v2/version-group/5/'}, 'move_learn_method': {'name': 'level-up', 'url': 'https://pokeapi.co/api/v2/move-learn-method/1/'}, 'order': None}, {'level_learned_at': 32, 'version_group': {'name': 'emerald', 'url': 'https://pokeapi.co/api/v2/version-group/6/'}, 'move_learn_method': {'name': 'level-up', 'url': 'https://pokeapi.co/api/v2/move-learn-method/1/'}, 'order': None}, {'level_learned_at': 32, 'version_group': {'name': 'firered-leafgreen', 'url': 'https://pokeapi.co/api/v2/version-group/7/'}, 'move_learn_method': {'name': 'level-up', 'url': 'https://pokeapi.co/api/v2/move-learn-method/1/'}, 'order': None}, {'level_learned_at': 25, 'version_group': {'name': 'diamond-pearl', 'url': 'https://pokeapi.co/api/v2/version-group/8/'}, 'move_learn_method': {'name': 'level-up', 'url': 'https://pokeapi.co/api/v2/move-learn-method/1/'}, 'order': None}, {'level_learned_at': 25, 'version_group': {'name': 'platinum', 'url': 'https://pokeapi.co/api/v2/version-group/9/'}, 'move_learn_method': {'name': 'level-up', 'url': 'https://pokeapi.co/api/v2/move-learn-method/1/'}, 'order': None}, {'level_learned_at': 25, 'version_group': {'name': 'heartgold-soulsilver', 'url': 'https://pokeapi.co/api/v2/version-group/10/'}, 'move_learn_method': {'name': 'level-up', 'url': 'https://pokeapi.co/api/v2/move-learn-method/1/'}, 'order': None}, {'level_learned_at': 25, 'version_group': {'name': 'black-white', 'url': 'https://pokeapi.co/api/v2/version-group/11/'}, 'move_learn_method': {'name': 'level-up', 'url': 'https://pokeapi.co/api/v2/move-learn-method/1/'}, 'order': None}, {'level_learned_at': 32, 'version_group': {'name': 'colosseum', 'url': 'https://pokeapi.co/api/v2/version-group/12/'}, 'move_learn_method': {'name': 'level-up', 'url': 'https://pokeapi.co/api/v2/move-learn-method/1/'}, 'order': None}, {'level_learned_at': 32, 'version_group': {'name': 'xd', 'url': 'https://pokeapi.co/api/v2/version-group/13/'}, 'move_learn_method': {'name': 'level-up', 'url': 'https://pokeapi.co/api/v2/move-learn-method/1/'}, 'order': None}, {'level_learned_at': 25, 'version_group': {'name': 'black-2-white-2', 'url': 'https://pokeapi.co/api/v2/version-group/14/'}, 'move_learn_method': {'name': 'level-up', 'url': 'https://pokeapi.co/api/v2/move-learn-method/1/'}, 'order': None}, {'level_learned_at': 25, 'version_group': {'name': 'x-y', 'url': 'https://pokeapi.co/api/v2/version-group/15/'}, 'move_learn_method': {'name': 'level-up', 'url': 'https://pokeapi.co/api/v2/move-learn-method/1/'}, 'order': None}, {'level_learned_at': 25, 'version_group': {'name': 'omega-ruby-alpha-sapphire', 'url': 'https://pokeapi.co/api/v2/version-group/16/'}, 'move_learn_method': {'name': 'level-up', 'url': 'https://pokeapi.co/api/v2/move-learn-method/1/'}, 'order': None}, {'level_learned_at': 25, 'version_group': {'name': 'sun-moon', 'url': 'https://pokeapi.co/api/v2/version-group/17/'}, 'move_learn_method': {'name': 'level-up', 'url': 'https://pokeapi.co/api/v2/move-learn-method/1/'}, 'order': None}, {'level_learned_at': 25, 'version_group': {'name': 'ultra-sun-ultra-moon', 'url': 'https://pokeapi.co/api/v2/version-group/18/'}, 'move_learn_method': {'name': 'level-up', 'url': 'https://pokeapi.co/api/v2/move-learn-method/1/'}, 'order': None}, {'level_learned_at': 27, 'version_group': {'name': 'lets-go-pikachu-lets-go-eevee', 'url': 'https://pokeapi.co/api/v2/version-group/19/'}, 'move_learn_method': {'name': 'level-up', 'url': 'https://pokeapi.co/api/v2/move-learn-method/1/'}, 'order': None}, {'level_learned_at': 6, 'version_group': {'name': 'sword-shield', 'url': 'https://pokeapi.co/api/v2/version-group/20/'}, 'move_learn_method': {'name': 'level-up', 'url': 'https://pokeapi.co/api/v2/move-learn-method/1/'}, 'order': None}, {'level_learned_at': 6, 'version_group': {'name': 'brilliant-diamond-shining-pearl', 'url': 'https://pokeapi.co/api/v2/version-group/23/'}, 'move_learn_method': {'name': 'level-up', 'url': 'https://pokeapi.co/api/v2/move-learn-method/1/'}, 'order': None}, {'level_learned_at': 6, 'version_group': {'name': 'scarlet-violet', 'url': 'https://pokeapi.co/api/v2/version-group/25/'}, 'move_learn_method': {'name': 'level-up', 'url': 'https://pokeapi.co/api/v2/move-learn-method/1/'}, 'order': None}, {'level_learned_at': 34, 'version_group': {'name': 'red-green-japan', 'url': 'https://pokeapi.co/api/v2/version-group/28/'}, 'move_learn_method': {'name': 'level-up', 'url': 'https://pokeapi.co/api/v2/move-learn-method/1/'}, 'order': None}, {'level_learned_at': 34, 'version_group': {'name': 'blue-japan', 'url': 'https://pokeapi.co/api/v2/version-group/29/'}, 'move_learn_method': {'name': 'level-up', 'url': 'https://pokeapi.co/api/v2/move-learn-method/1/'}, 'order': None}]}, {'move': {'name': 'razor-leaf', 'url': 'https://pokeapi.co/api/v2/move/75/'}, 'version_group_details': [{'level_learned_at': 27, 'version_group': {'name': 'red-blue', 'url': 'https://pokeapi.co/api/v2/version-group/1/'}, 'move_learn_method': {'name': 'level-up', 'url': 'https://pokeapi.co/api/v2/move-learn-method/1/'}, 'order': None}, {'level_learned_at': 27, 'version_group': {'name': 'yellow', 'url': 'https://pokeapi.co/api/v2/version-group/2/'}, 'move_learn_method': {'name': 'level-up', 'url': 'https://pokeapi.co/api/v2/move-learn-method/1/'}, 'order': None}, {'level_learned_at': 20, 'version_group': {'name': 'gold-silver', 'url': 'https://pokeapi.co/api/v2/version-group/3/'}, 'move_learn_method': {'name': 'level-up', 'url': 'https://pokeapi.co/api/v2/move-learn-method/1/'}, 'order': None}, {'level_learned_at': 20, 'version_group': {'name': 'crystal', 'url': 'https://pokeapi.co/api/v2/version-group/4/'}, 'move_learn_method': {'name': 'level-up', 'url': 'https://pokeapi.co/api/v2/move-learn-method/1/'}, 'order': None}, {'level_learned_at': 20, 'version_group': {'name': 'ruby-sapphire', 'url': 'https://pokeapi.co/api/v2/version-group/5/'}, 'move_learn_method': {'name': 'level-up', 'url': 'https://pokeapi.co/api/v2/move-learn-method/1/'}, 'order': None}, {'level_learned_at': 20, 'version_group': {'name': 'emerald', 'url': 'https://pokeapi.co/api/v2/version-group/6/'}, 'move_learn_method': {'name': 'level-up', 'url': 'https://pokeapi.co/api/v2/move-learn-method/1/'}, 'order': None}, {'level_learned_at': 20, 'version_group': {'name': 'firered-leafgreen', 'url': 'https://pokeapi.co/api/v2/version-group/7/'}, 'move_learn_method': {'name': 'level-up', 'url': 'https://pokeapi.co/api/v2/move-learn-method/1/'}, 'order': None}, {'level_learned_at': 19, 'version_group': {'name': 'diamond-pearl', 'url': 'https://pokeapi.co/api/v2/version-group/8/'}, 'move_learn_method': {'name': 'level-up', 'url': 'https://pokeapi.co/api/v2/move-learn-method/1/'}, 'order': None}, {'level_learned_at': 19, 'version_group': {'name': 'platinum', 'url': 'https://pokeapi.co/api/v2/version-group/9/'}, 'move_learn_method': {'name': 'level-up', 'url': 'https://pokeapi.co/api/v2/move-learn-method/1/'}, 'order': None}, {'level_learned_at': 19, 'version_group': {'name': 'heartgold-soulsilver', 'url': 'https://pokeapi.co/api/v2/version-group/10/'}, 'move_learn_method': {'name': 'level-up', 'url': 'https://pokeapi.co/api/v2/move-learn-method/1/'}, 'order': None}, {'level_learned_at': 19, 'version_group': {'name': 'black-white', 'url': 'https://pokeapi.co/api/v2/version-group/11/'}, 'move_learn_method': {'name': 'level-up', 'url': 'https://pokeapi.co/api/v2/move-learn-method/1/'}, 'order': None}, {'level_learned_at': 20, 'version_group': {'name': 'colosseum', 'url': 'https://pokeapi.co/api/v2/version-group/12/'}, 'move_learn_method': {'name': 'level-up', 'url': 'https://pokeapi.co/api/v2/move-learn-method/1/'}, 'order': None}, {'level_learned_at': 20, 'version_group': {'name': 'xd', 'url': 'https://pokeapi.co/api/v2/version-group/13/'}, 'move_learn_method': {'name': 'level-up', 'url': 'https://pokeapi.co/api/v2/move-learn-method/1/'}, 'order': None}, {'level_learned_at': 19, 'version_group': {'name': 'black-2-white-2', 'url': 'https://pokeapi.co/api/v2/version-group/14/'}, 'move_learn_method': {'name': 'level-up', 'url': 'https://pokeapi.co/api/v2/move-learn-method/1/'}, 'order': None}, {'level_learned_at': 19, 'version_group': {'name': 'x-y', 'url': 'https://pokeapi.co/api/v2/version-group/15/'}, 'move_learn_method': {'name': 'level-up', 'url': 'https://pokeapi.co/api/v2/move-learn-method/1/'}, 'order': None}, {'level_learned_at': 19, 'version_group': {'name': 'omega-ruby-alpha-sapphire', 'url': 'https://pokeapi.co/api/v2/version-group/16/'}, 'move_learn_method': {'name': 'level-up', 'url': 'https://pokeapi.co/api/v2/move-learn-method/1/'}, 'order': None}, {'level_learned_at': 19, 'version_group': {'name': 'sun-moon', 'url': 'https://pokeapi.co/api/v2/version-group/17/'}, 'move_learn_method': {'name': 'level-up', 'url': 'https://pokeapi.co/api/v2/move-learn-method/1/'}, 'order': None}, {'level_learned_at': 19, 'version_group': {'name': 'ultra-sun-ultra-moon', 'url': 'https://pokeapi.co/api/v2/version-group/18/'}, 'move_learn_method': {'name': 'level-up', 'url': 'https://pokeapi.co/api/v2/move-learn-method/1/'}, 'order': None}, {'level_learned_at': 23, 'version_group': {'name': 'lets-go-pikachu-lets-go-eevee', 'url': 'https://pokeapi.co/api/v2/version-group/19/'}, 'move_learn_method': {'name': 'level-up', 'url': 'https://pokeapi.co/api/v2/move-learn-method/1/'}, 'order': None}, {'level_learned_at': 12, 'version_group': {'name': 'sword-shield', 'url': 'https://pokeapi.co/api/v2/version-group/20/'}, 'move_learn_method': {'name': 'level-up', 'url': 'https://pokeapi.co/api/v2/move-learn-method/1/'}, 'order': None}, {'level_learned_at': 12, 'version_group': {'name': 'brilliant-diamond-shining-pearl', 'url': 'https://pokeapi.co/api/v2/version-group/23/'}, 'move_learn_method': {'name': 'level-up', 'url': 'https://pokeapi.co/api/v2/move-learn-method/1/'}, 'order': None}, {'level_learned_at': 12, 'version_group': {'name': 'scarlet-violet', 'url': 'https://pokeapi.co/api/v2/version-group/25/'}, 'move_learn_method': {'name': 'level-up', 'url': 'https://pokeapi.co/api/v2/move-learn-method/1/'}, 'order': None}, {'level_learned_at': 27, 'version_group': {'name': 'red-green-japan', 'url': 'https://pokeapi.co/api/v2/version-group/28/'}, 'move_learn_method': {'name': 'level-up', 'url': 'https://pokeapi.co/api/v2/move-learn-method/1/'}, 'order': None}, {'level_learned_at': 27, 'version_group': {'name': 'blue-japan', 'url': 'https://pokeapi.co/api/v2/version-group/29/'}, 'move_learn_method': {'name': 'level-up', 'url': 'https://pokeapi.co/api/v2/move-learn-method/1/'}, 'order': None}]}, {'move': {'name': 'solar-beam', 'url': 'https://pokeapi.co/api/v2/move/76/'}, 'version_group_details': [{'level_learned_at': 48, 'version_group': {'name': 'red-blue', 'url': 'https://pokeapi.co/api/v2/version-group/1/'}, 'move_learn_method': {'name': 'level-up', 'url': 'https://pokeapi.co/api/v2/move-learn-method/1/'}, 'order': None}, {'level_learned_at': 0, 'version_group': {'name': 'red-blue', 'url': 'https://pokeapi.co/api/v2/version-group/1/'}, 'move_learn_method': {'name': 'machine', 'url': 'https://pokeapi.co/api/v2/move-learn-method/4/'}, 'order': None}, {'level_learned_at': 48, 'version_group': {'name': 'yellow', 'url': 'https://pokeapi.co/api/v2/version-group/2/'}, 'move_learn_method': {'name': 'level-up', 'url': 'https://pokeapi.co/api/v2/move-learn-method/1/'}, 'order': None}, {'level_learned_at': 0, 'version_group': {'name': 'yellow', 'url': 'https://pokeapi.co/api/v2/version-group/2/'}, 'move_learn_method': {'name': 'machine', 'url': 'https://pokeapi.co/api/v2/move-learn-method/4/'}, 'order': None}, {'level_learned_at': 46, 'version_group': {'name': 'gold-silver', 'url': 'https://pokeapi.co/api/v2/version-group/3/'}, 'move_learn_method': {'name': 'level-up', 'url': 'https://pokeapi.co/api/v2/move-learn-method/1/'}, 'order': None}, {'level_learned_at': 0, 'version_group': {'name': 'gold-silver', 'url': 'https://pokeapi.co/api/v2/version-group/3/'}, 'move_learn_method': {'name': 'machine', 'url': 'https://pokeapi.co/api/v2/move-learn-method/4/'}, 'order': None}, {'level_learned_at': 46, 'version_group': {'name': 'crystal', 'url': 'https://pokeapi.co/api/v2/version-group/4/'}, 'move_learn_method': {'name': 'level-up', 'url': 'https://pokeapi.co/api/v2/move-learn-method/1/'}, 'order': None}, {'level_learned_at': 0, 'version_group': {'name': 'crystal', 'url': 'https://pokeapi.co/api/v2/version-group/4/'}, 'move_learn_method': {'name': 'machine', 'url': 'https://pokeapi.co/api/v2/move-learn-method/4/'}, 'order': None}, {'level_learned_at': 46, 'version_group': {'name': 'ruby-sapphire', 'url': 'https://pokeapi.co/api/v2/version-group/5/'}, 'move_learn_method': {'name': 'level-up', 'url': 'https://pokeapi.co/api/v2/move-learn-method/1/'}, 'order': None}, {'level_learned_at': 0, 'version_group': {'name': 'ruby-sapphire', 'url': 'https://pokeapi.co/api/v2/version-group/5/'}, 'move_learn_method': {'name': 'machine', 'url': 'https://pokeapi.co/api/v2/move-learn-method/4/'}, 'order': None}, {'level_learned_at': 46, 'version_group': {'name': 'emerald', 'url': 'https://pokeapi.co/api/v2/version-group/6/'}, 'move_learn_method': {'name': 'level-up', 'url': 'https://pokeapi.co/api/v2/move-learn-method/1/'}, 'order': None}, {'level_learned_at': 0, 'version_group': {'name': 'emerald', 'url': 'https://pokeapi.co/api/v2/version-group/6/'}, 'move_learn_method': {'name': 'machine', 'url': 'https://pokeapi.co/api/v2/move-learn-method/4/'}, 'order': None}, {'level_learned_at': 46, 'version_group': {'name': 'firered-leafgreen', 'url': 'https://pokeapi.co/api/v2/version-group/7/'}, 'move_learn_method': {'name': 'level-up', 'url': 'https://pokeapi.co/api/v2/move-learn-method/1/'}, 'order': None}, {'level_learned_at': 0, 'version_group': {'name': 'firered-leafgreen', 'url': 'https://pokeapi.co/api/v2/version-group/7/'}, 'move_learn_method': {'name': 'machine', 'url': 'https://pokeapi.co/api/v2/move-learn-method/4/'}, 'order': None}, {'level_learned_at': 0, 'version_group': {'name': 'diamond-pearl', 'url': 'https://pokeapi.co/api/v2/version-group/8/'}, 'move_learn_method': {'name': 'machine', 'url': 'https://pokeapi.co/api/v2/move-learn-method/4/'}, 'order': None}, {'level_learned_at': 0, 'version_group': {'name': 'platinum', 'url': 'https://pokeapi.co/api/v2/version-group/9/'}, 'move_learn_method': {'name': 'machine', 'url': 'https://pokeapi.co/api/v2/move-learn-method/4/'}, 'order': None}, {'level_learned_at': 0, 'version_group': {'name': 'heartgold-soulsilver', 'url': 'https://pokeapi.co/api/v2/version-group/10/'}, 'move_learn_method': {'name': 'machine', 'url': 'https://pokeapi.co/api/v2/move-learn-method/4/'}, 'order': None}, {'level_learned_at': 0, 'version_group': {'name': 'black-white', 'url': 'https://pokeapi.co/api/v2/version-group/11/'}, 'move_learn_method': {'name': 'machine', 'url': 'https://pokeapi.co/api/v2/move-learn-method/4/'}, 'order': None}, {'level_learned_at': 46, 'version_group': {'name': 'colosseum', 'url': 'https://pokeapi.co/api/v2/version-group/12/'}, 'move_learn_method': {'name': 'level-up', 'url': 'https://pokeapi.co/api/v2/move-learn-method/1/'}, 'order': None}, {'level_learned_at': 0, 'version_group': {'name': 'colosseum', 'url': 'https://pokeapi.co/api/v2/version-group/12/'}, 'move_learn_method': {'name': 'machine', 'url': 'https://pokeapi.co/api/v2/move-learn-method/4/'}, 'order': None}, {'level_learned_at': 46, 'version_group': {'name': 'xd', 'url': 'https://pokeapi.co/api/v2/version-group/13/'}, 'move_learn_method': {'name': 'level-up', 'url': 'https://pokeapi.co/api/v2/move-learn-method/1/'}, 'order': None}, {'level_learned_at': 0, 'version_group': {'name': 'xd', 'url': 'https://pokeapi.co/api/v2/version-group/13/'}, 'move_learn_method': {'name': 'machine', 'url': 'https://pokeapi.co/api/v2/move-learn-method/4/'}, 'order': None}, {'level_learned_at': 0, 'version_group': {'name': 'black-2-white-2', 'url': 'https://pokeapi.co/api/v2/version-group/14/'}, 'move_learn_method': {'name': 'machine', 'url': 'https://pokeapi.co/api/v2/move-learn-method/4/'}, 'order': None}, {'level_learned_at': 0, 'version_group': {'name': 'x-y', 'url': 'https://pokeapi.co/api/v2/version-group/15/'}, 'move_learn_method': {'name': 'machine', 'url': 'https://pokeapi.co/api/v2/move-learn-method/4/'}, 'order': None}, {'level_learned_at': 0, 'version_group': {'name': 'omega-ruby-alpha-sapphire', 'url': 'https://pokeapi.co/api/v2/version-group/16/'}, 'move_learn_method': {'name': 'machine', 'url': 'https://pokeapi.co/api/v2/move-learn-method/4/'}, 'order': None}, {'level_learned_at': 0, 'version_group': {'name': 'sun-moon', 'url': 'https://pokeapi.co/api/v2/version-group/17/'}, 'move_learn_method': {'name': 'machine', 'url': 'https://pokeapi.co/api/v2/move-learn-method/4/'}, 'order': None}, {'level_learned_at': 0, 'version_group': {'name': 'ultra-sun-ultra-moon', 'url': 'https://pokeapi.co/api/v2/version-group/18/'}, 'move_learn_method': {'name': 'machine', 'url': 'https://pokeapi.co/api/v2/move-learn-method/4/'}, 'order': None}, {'level_learned_at': 0, 'version_group': {'name': 'lets-go-pikachu-lets-go-eevee', 'url': 'https://pokeapi.co/api/v2/version-group/19/'}, 'move_learn_method': {'name': 'machine', 'url': 'https://pokeapi.co/api/v2/move-learn-method/4/'}, 'order': None}, {'level_learned_at': 36, 'version_group': {'name': 'sword-shield', 'url': 'https://pokeapi.co/api/v2/version-group/20/'}, 'move_learn_method': {'name': 'level-up', 'url': 'https://pokeapi.co/api/v2/move-learn-method/1/'}, 'order': None}, {'level_learned_at': 0, 'version_group': {'name': 'sword-shield', 'url': 'https://pokeapi.co/api/v2/version-group/20/'}, 'move_learn_method': {'name': 'machine', 'url': 'https://pokeapi.co/api/v2/move-learn-method/4/'}, 'order': None}, {'level_learned_at': 36, 'version_group': {'name': 'brilliant-diamond-shining-pearl', 'url': 'https://pokeapi.co/api/v2/version-group/23/'}, 'move_learn_method': {'name': 'level-up', 'url': 'https://pokeapi.co/api/v2/move-learn-method/1/'}, 'order': None}, {'level_learned_at': 0, 'version_group': {'name': 'brilliant-diamond-shining-pearl', 'url': 'https://pokeapi.co/api/v2/version-group/23/'}, 'move_learn_method': {'name': 'machine', 'url': 'https://pokeapi.co/api/v2/move-learn-method/4/'}, 'order': None}, {'level_learned_at': 36, 'version_group': {'name': 'scarlet-violet', 'url': 'https://pokeapi.co/api/v2/version-group/25/'}, 'move_learn_method': {'name': 'level-up', 'url': 'https://pokeapi.co/api/v2/move-learn-method/1/'}, 'order': None}, {'level_learned_at': 0, 'version_group': {'name': 'scarlet-violet', 'url': 'https://pokeapi.co/api/v2/version-group/25/'}, 'move_learn_method': {'name': 'machine', 'url': 'https://pokeapi.co/api/v2/move-learn-method/4/'}, 'order': None}, {'level_learned_at': 48, 'version_group': {'name': 'red-green-japan', 'url': 'https://pokeapi.co/api/v2/version-group/28/'}, 'move_learn_method': {'name': 'level-up', 'url': 'https://pokeapi.co/api/v2/move-learn-method/1/'}, 'order': None}, {'level_learned_at': 0, 'version_group': {'name': 'red-green-japan', 'url': 'https://pokeapi.co/api/v2/version-group/28/'}, 'move_learn_method': {'name': 'machine', 'url': 'https://pokeapi.co/api/v2/move-learn-method/4/'}, 'order': None}, {'level_learned_at': 48, 'version_group': {'name': 'blue-japan', 'url': 'https://pokeapi.co/api/v2/version-group/29/'}, 'move_learn_method': {'name': 'level-up', 'url': 'https://pokeapi.co/api/v2/move-learn-method/1/'}, 'order': None}, {'level_learned_at': 0, 'version_group': {'name': 'blue-japan', 'url': 'https://pokeapi.co/api/v2/version-group/29/'}, 'move_learn_method': {'name': 'machine', 'url': 'https://pokeapi.co/api/v2/move-learn-method/4/'}, 'order': None}]}, {'move': {'name': 'poison-powder', 'url': 'https://pokeapi.co/api/v2/move/77/'}, 'version_group_details': [{'level_learned_at': 20, 'version_group': {'name': 'red-blue', 'url': 'https://pokeapi.co/api/v2/version-group/1/'}, 'move_learn_method': {'name': 'level-up', 'url': 'https://pokeapi.co/api/v2/move-learn-method/1/'}, 'order': None}, {'level_learned_at': 20, 'version_group': {'name': 'yellow', 'url': 'https://pokeapi.co/api/v2/version-group/2/'}, 'move_learn_method': {'name': 'level-up', 'url': 'https://pokeapi.co/api/v2/move-learn-method/1/'}, 'order': None}, {'level_learned_at': 15, 'version_group': {'name': 'gold-silver', 'url': 'https://pokeapi.co/api/v2/version-group/3/'}, 'move_learn_method': {'name': 'level-up', 'url': 'https://pokeapi.co/api/v2/move-learn-method/1/'}, 'order': 1}, {'level_learned_at': 15, 'version_group': {'name': 'crystal', 'url': 'https://pokeapi.co/api/v2/version-group/4/'}, 'move_learn_method': {'name': 'level-up', 'url': 'https://pokeapi.co/api/v2/move-learn-method/1/'}, 'order': 1}, {'level_learned_at': 15, 'version_group': {'name': 'ruby-sapphire', 'url': 'https://pokeapi.co/api/v2/version-group/5/'}, 'move_learn_method': {'name': 'level-up', 'url': 'https://pokeapi.co/api/v2/move-learn-method/1/'}, 'order': 1}, {'level_learned_at': 15, 'version_group': {'name': 'emerald', 'url': 'https://pokeapi.co/api/v2/version-group/6/'}, 'move_learn_method': {'name': 'level-up', 'url': 'https://pokeapi.co/api/v2/move-learn-method/1/'}, 'order': 1}, {'level_learned_at': 15, 'version_group': {'name': 'firered-leafgreen', 'url': 'https://pokeapi.co/api/v2/version-group/7/'}, 'move_learn_method': {'name': 'level-up', 'url': 'https://pokeapi.co/api/v2/move-learn-method/1/'}, 'order': 1}, {'level_learned_at': 13, 'version_group': {'name': 'diamond-pearl', 'url': 'https://pokeapi.co/api/v2/version-group/8/'}, 'move_learn_method': {'name': 'level-up', 'url': 'https://pokeapi.co/api/v2/move-learn-method/1/'}, 'order': 1}, {'level_learned_at': 13, 'version_group': {'name': 'platinum', 'url': 'https://pokeapi.co/api/v2/version-group/9/'}, 'move_learn_method': {'name': 'level-up', 'url': 'https://pokeapi.co/api/v2/move-learn-method/1/'}, 'order': 1}, {'level_learned_at': 13, 'version_group': {'name': 'heartgold-soulsilver', 'url': 'https://pokeapi.co/api/v2/version-group/10/'}, 'move_learn_method': {'name': 'level-up', 'url': 'https://pokeapi.co/api/v2/move-learn-method/1/'}, 'order': 1}, {'level_learned_at': 13, 'version_group': {'name': 'black-white', 'url': 'https://pokeapi.co/api/v2/version-group/11/'}, 'move_learn_method': {'name': 'level-up', 'url': 'https://pokeapi.co/api/v2/move-learn-method/1/'}, 'order': 1}, {'level_learned_at': 15, 'version_group': {'name': 'colosseum', 'url': 'https://pokeapi.co/api/v2/version-group/12/'}, 'move_learn_method': {'name': 'level-up', 'url': 'https://pokeapi.co/api/v2/move-learn-method/1/'}, 'order': 1}, {'level_learned_at': 15, 'version_group': {'name': 'xd', 'url': 'https://pokeapi.co/api/v2/version-group/13/'}, 'move_learn_method': {'name': 'level-up', 'url': 'https://pokeapi.co/api/v2/move-learn-method/1/'}, 'order': 1}, {'level_learned_at': 13, 'version_group': {'name': 'black-2-white-2', 'url': 'https://pokeapi.co/api/v2/version-group/14/'}, 'move_learn_method': {'name': 'level-up', 'url': 'https://pokeapi.co/api/v2/move-learn-method/1/'}, 'order': 1}, {'level_learned_at': 13, 'version_group': {'name': 'x-y', 'url': 'https://pokeapi.co/api/v2/version-group/15/'}, 'move_learn_method': {'name': 'level-up', 'url': 'https://pokeapi.co/api/v2/move-learn-method/1/'}, 'order': 1}, {'level_learned_at': 13, 'version_group': {'name': 'omega-ruby-alpha-sapphire', 'url': 'https://pokeapi.co/api/v2/version-group/16/'}, 'move_learn_method': {'name': 'level-up', 'url': 'https://pokeapi.co/api/v2/move-learn-method/1/'}, 'order': 1}, {'level_learned_at': 13, 'version_group': {'name': 'sun-moon', 'url': 'https://pokeapi.co/api/v2/version-group/17/'}, 'move_learn_method': {'name': 'level-up', 'url': 'https://pokeapi.co/api/v2/move-learn-method/1/'}, 'order': 1}, {'level_learned_at': 13, 'version_group': {'name': 'ultra-sun-ultra-moon', 'url': 'https://pokeapi.co/api/v2/version-group/18/'}, 'move_learn_method': {'name': 'level-up', 'url': 'https://pokeapi.co/api/v2/move-learn-method/1/'}, 'order': 1}, {'level_learned_at': 14, 'version_group': {'name': 'lets-go-pikachu-lets-go-eevee', 'url': 'https://pokeapi.co/api/v2/version-group/19/'}, 'move_learn_method': {'name': 'level-up', 'url': 'https://pokeapi.co/api/v2/move-learn-method/1/'}, 'order': 1}, {'level_learned_at': 15, 'version_group': {'name': 'sword-shield', 'url': 'https://pokeapi.co/api/v2/version-group/20/'}, 'move_learn_method': {'name': 'level-up', 'url': 'https://pokeapi.co/api/v2/move-learn-method/1/'}, 'order': 1}, {'level_learned_at': 15, 'version_group': {'name': 'brilliant-diamond-shining-pearl', 'url': 'https://pokeapi.co/api/v2/version-group/23/'}, 'move_learn_method': {'name': 'level-up', 'url': 'https://pokeapi.co/api/v2/move-learn-method/1/'}, 'order': 1}, {'level_learned_at': 15, 'version_group': {'name': 'scarlet-violet', 'url': 'https://pokeapi.co/api/v2/version-group/25/'}, 'move_learn_method': {'name': 'level-up', 'url': 'https://pokeapi.co/api/v2/move-learn-method/1/'}, 'order': 1}, {'level_learned_at': 20, 'version_group': {'name': 'red-green-japan', 'url': 'https://pokeapi.co/api/v2/version-group/28/'}, 'move_learn_method': {'name': 'level-up', 'url': 'https://pokeapi.co/api/v2/move-learn-method/1/'}, 'order': None}, {'level_learned_at': 20, 'version_group': {'name': 'blue-japan', 'url': 'https://pokeapi.co/api/v2/version-group/29/'}, 'move_learn_method': {'name': 'level-up', 'url': 'https://pokeapi.co/api/v2/move-learn-method/1/'}, 'order': None}]}, {'move': {'name': 'sleep-powder', 'url': 'https://pokeapi.co/api/v2/move/79/'}, 'version_group_details': [{'level_learned_at': 41, 'version_group': {'name': 'red-blue', 'url': 'https://pokeapi.co/api/v2/version-group/1/'}, 'move_learn_method': {'name': 'level-up', 'url': 'https://pokeapi.co/api/v2/move-learn-method/1/'}, 'order': None}, {'level_learned_at': 41, 'version_group': {'name': 'yellow', 'url': 'https://pokeapi.co/api/v2/version-group/2/'}, 'move_learn_method': {'name': 'level-up', 'url': 'https://pokeapi.co/api/v2/move-learn-method/1/'}, 'order': None}, {'level_learned_at': 15, 'version_group': {'name': 'gold-silver', 'url': 'https://pokeapi.co/api/v2/version-group/3/'}, 'move_learn_method': {'name': 'level-up', 'url': 'https://pokeapi.co/api/v2/move-learn-method/1/'}, 'order': 2}, {'level_learned_at': 15, 'version_group': {'name': 'crystal', 'url': 'https://pokeapi.co/api/v2/version-group/4/'}, 'move_learn_method': {'name': 'level-up', 'url': 'https://pokeapi.co/api/v2/move-learn-method/1/'}, 'order': 2}, {'level_learned_at': 15, 'version_group': {'name': 'ruby-sapphire', 'url': 'https://pokeapi.co/api/v2/version-group/5/'}, 'move_learn_method': {'name': 'level-up', 'url': 'https://pokeapi.co/api/v2/move-learn-method/1/'}, 'order': 2}, {'level_learned_at': 15, 'version_group': {'name': 'emerald', 'url': 'https://pokeapi.co/api/v2/version-group/6/'}, 'move_learn_method': {'name': 'level-up', 'url': 'https://pokeapi.co/api/v2/move-learn-method/1/'}, 'order': 2}, {'level_learned_at': 15, 'version_group': {'name': 'firered-leafgreen', 'url': 'https://pokeapi.co/api/v2/version-group/7/'}, 'move_learn_method': {'name': 'level-up', 'url': 'https://pokeapi.co/api/v2/move-learn-method/1/'}, 'order': 2}, {'level_learned_at': 13, 'version_group': {'name': 'diamond-pearl', 'url': 'https://pokeapi.co/api/v2/version-group/8/'}, 'move_learn_method': {'name': 'level-up', 'url': 'https://pokeapi.co/api/v2/move-learn-method/1/'}, 'order': 2}, {'level_learned_at': 13, 'version_group': {'name': 'platinum', 'url': 'https://pokeapi.co/api/v2/version-group/9/'}, 'move_learn_method': {'name': 'level-up', 'url': 'https://pokeapi.co/api/v2/move-learn-method/1/'}, 'order': 2}, {'level_learned_at': 13, 'version_group': {'name': 'heartgold-soulsilver', 'url': 'https://pokeapi.co/api/v2/version-group/10/'}, 'move_learn_method': {'name': 'level-up', 'url': 'https://pokeapi.co/api/v2/move-learn-method/1/'}, 'order': 2}, {'level_learned_at': 13, 'version_group': {'name': 'black-white', 'url': 'https://pokeapi.co/api/v2/version-group/11/'}, 'move_learn_method': {'name': 'level-up', 'url': 'https://pokeapi.co/api/v2/move-learn-method/1/'}, 'order': 2}, {'level_learned_at': 15, 'version_group': {'name': 'colosseum', 'url': 'https://pokeapi.co/api/v2/version-group/12/'}, 'move_learn_method': {'name': 'level-up', 'url': 'https://pokeapi.co/api/v2/move-learn-method/1/'}, 'order': 2}, {'level_learned_at': 15, 'version_group': {'name': 'xd', 'url': 'https://pokeapi.co/api/v2/version-group/13/'}, 'move_learn_method': {'name': 'level-up', 'url': 'https://pokeapi.co/api/v2/move-learn-method/1/'}, 'order': 2}, {'level_learned_at': 13, 'version_group': {'name': 'black-2-white-2', 'url': 'https://pokeapi.co/api/v2/version-group/14/'}, 'move_learn_method': {'name': 'level-up', 'url': 'https://pokeapi.co/api/v2/move-learn-method/1/'}, 'order': 2}, {'level_learned_at': 13, 'version_group': {'name': 'x-y', 'url': 'https://pokeapi.co/api/v2/version-group/15/'}, 'move_learn_method': {'name': 'level-up', 'url': 'https://pokeapi.co/api/v2/move-learn-method/1/'}, 'order': 2}, {'level_learned_at': 13, 'version_group': {'name': 'omega-ruby-alpha-sapphire', 'url': 'https://pokeapi.co/api/v2/version-group/16/'}, 'move_learn_method': {'name': 'level-up', 'url': 'https://pokeapi.co/api/v2/move-learn-method/1/'}, 'order': 2}, {'level_learned_at': 13, 'version_group': {'name': 'sun-moon', 'url': 'https://pokeapi.co/api/v2/version-group/17/'}, 'move_learn_method': {'name': 'level-up', 'url': 'https://pokeapi.co/api/v2/move-learn-method/1/'}, 'order': 2}, {'level_learned_at': 13, 'version_group': {'name': 'ultra-sun-ultra-moon', 'url': 'https://pokeapi.co/api/v2/version-group/18/'}, 'move_learn_method': {'name': 'level-up', 'url': 'https://pokeapi.co/api/v2/move-learn-method/1/'}, 'order': 2}, {'level_learned_at': 14, 'version_group': {'name': 'lets-go-pikachu-lets-go-eevee', 'url': 'https://pokeapi.co/api/v2/version-group/19/'}, 'move_learn_method': {'name': 'level-up', 'url': 'https://pokeapi.co/api/v2/move-learn-method/1/'}, 'order': 2}, {'level_learned_at': 15, 'version_group': {'name': 'sword-shield', 'url': 'https://pokeapi.co/api/v2/version-group/20/'}, 'move_learn_method': {'name': 'level-up', 'url': 'https://pokeapi.co/api/v2/move-learn-method/1/'}, 'order': 2}, {'level_learned_at': 15, 'version_group': {'name': 'brilliant-diamond-shining-pearl', 'url': 'https://pokeapi.co/api/v2/version-group/23/'}, 'move_learn_method': {'name': 'level-up', 'url': 'https://pokeapi.co/api/v2/move-learn-method/1/'}, 'order': 2}, {'level_learned_at': 15, 'version_group': {'name': 'scarlet-violet', 'url': 'https://pokeapi.co/api/v2/version-group/25/'}, 'move_learn_method': {'name': 'level-up', 'url': 'https://pokeapi.co/api/v2/move-learn-method/1/'}, 'order': 2}, {'level_learned_at': 41, 'version_group': {'name': 'red-green-japan', 'url': 'https://pokeapi.co/api/v2/version-group/28/'}, 'move_learn_method': {'name': 'level-up', 'url': 'https://pokeapi.co/api/v2/move-learn-method/1/'}, 'order': None}, {'level_learned_at': 41, 'version_group': {'name': 'blue-japan', 'url': 'https://pokeapi.co/api/v2/version-group/29/'}, 'move_learn_method': {'name': 'level-up', 'url': 'https://pokeapi.co/api/v2/move-learn-method/1/'}, 'order': None}]}, {'move': {'name': 'petal-dance', 'url': 'https://pokeapi.co/api/v2/move/80/'}, 'version_group_details': [{'level_learned_at': 0, 'version_group': {'name': 'gold-silver', 'url': 'https://pokeapi.co/api/v2/version-group/3/'}, 'move_learn_method': {'name': 'egg', 'url': 'https://pokeapi.co/api/v2/move-learn-method/2/'}, 'order': None}, {'level_learned_at': 0, 'version_group': {'name': 'crystal', 'url': 'https://pokeapi.co/api/v2/version-group/4/'}, 'move_learn_method': {'name': 'egg', 'url': 'https://pokeapi.co/api/v2/move-learn-method/2/'}, 'order': None}, {'level_learned_at': 0, 'version_group': {'name': 'ruby-sapphire', 'url': 'https://pokeapi.co/api/v2/version-group/5/'}, 'move_learn_method': {'name': 'egg', 'url': 'https://pokeapi.co/api/v2/move-learn-method/2/'}, 'order': None}, {'level_learned_at': 0, 'version_group': {'name': 'emerald', 'url': 'https://pokeapi.co/api/v2/version-group/6/'}, 'move_learn_method': {'name': 'egg', 'url': 'https://pokeapi.co/api/v2/move-learn-method/2/'}, 'order': None}, {'level_learned_at': 0, 'version_group': {'name': 'firered-leafgreen', 'url': 'https://pokeapi.co/api/v2/version-group/7/'}, 'move_learn_method': {'name': 'egg', 'url': 'https://pokeapi.co/api/v2/move-learn-method/2/'}, 'order': None}, {'level_learned_at': 0, 'version_group': {'name': 'diamond-pearl', 'url': 'https://pokeapi.co/api/v2/version-group/8/'}, 'move_learn_method': {'name': 'egg', 'url': 'https://pokeapi.co/api/v2/move-learn-method/2/'}, 'order': None}, {'level_learned_at': 0, 'version_group': {'name': 'platinum', 'url': 'https://pokeapi.co/api/v2/version-group/9/'}, 'move_learn_method': {'name': 'egg', 'url': 'https://pokeapi.co/api/v2/move-learn-method/2/'}, 'order': None}, {'level_learned_at': 0, 'version_group': {'name': 'heartgold-soulsilver', 'url': 'https://pokeapi.co/api/v2/version-group/10/'}, 'move_learn_method': {'name': 'egg', 'url': 'https://pokeapi.co/api/v2/move-learn-method/2/'}, 'order': None}, {'level_learned_at': 0, 'version_group': {'name': 'black-white', 'url': 'https://pokeapi.co/api/v2/version-group/11/'}, 'move_learn_method': {'name': 'egg', 'url': 'https://pokeapi.co/api/v2/move-learn-method/2/'}, 'order': None}, {'level_learned_at': 0, 'version_group': {'name': 'black-2-white-2', 'url': 'https://pokeapi.co/api/v2/version-group/14/'}, 'move_learn_method': {'name': 'egg', 'url': 'https://pokeapi.co/api/v2/move-learn-method/2/'}, 'order': None}, {'level_learned_at': 0, 'version_group': {'name': 'x-y', 'url': 'https://pokeapi.co/api/v2/version-group/15/'}, 'move_learn_method': {'name': 'egg', 'url': 'https://pokeapi.co/api/v2/move-learn-method/2/'}, 'order': None}, {'level_learned_at': 0, 'version_group': {'name': 'omega-ruby-alpha-sapphire', 'url': 'https://pokeapi.co/api/v2/version-group/16/'}, 'move_learn_method': {'name': 'egg', 'url': 'https://pokeapi.co/api/v2/move-learn-method/2/'}, 'order': None}, {'level_learned_at': 0, 'version_group': {'name': 'sun-moon', 'url': 'https://pokeapi.co/api/v2/version-group/17/'}, 'move_learn_method': {'name': 'egg', 'url': 'https://pokeapi.co/api/v2/move-learn-method/2/'}, 'order': None}, {'level_learned_at': 0, 'version_group': {'name': 'ultra-sun-ultra-moon', 'url': 'https://pokeapi.co/api/v2/version-group/18/'}, 'move_learn_method': {'name': 'egg', 'url': 'https://pokeapi.co/api/v2/move-learn-method/2/'}, 'order': None}, {'level_learned_at': 0, 'version_group': {'name': 'sword-shield', 'url': 'https://pokeapi.co/api/v2/version-group/20/'}, 'move_learn_method': {'name': 'egg', 'url': 'https://pokeapi.co/api/v2/move-learn-method/2/'}, 'order': None}, {'level_learned_at': 0, 'version_group': {'name': 'brilliant-diamond-shining-pearl', 'url': 'https://pokeapi.co/api/v2/version-group/23/'}, 'move_learn_method': {'name': 'egg', 'url': 'https://pokeapi.co/api/v2/move-learn-method/2/'}, 'order': None}, {'level_learned_at': 0, 'version_group': {'name': 'scarlet-violet', 'url': 'https://pokeapi.co/api/v2/version-group/25/'}, 'move_learn_method': {'name': 'egg', 'url': 'https://pokeapi.co/api/v2/move-learn-method/2/'}, 'order': None}]}, {'move': {'name': 'string-shot', 'url': 'https://pokeapi.co/api/v2/move/81/'}, 'version_group_details': [{'level_learned_at': 0, 'version_group': {'name': 'heartgold-soulsilver', 'url': 'https://pokeapi.co/api/v2/version-group/10/'}, 'move_learn_method': {'name': 'tutor', 'url': 'https://pokeapi.co/api/v2/move-learn-method/3/'}, 'order': None}]}, {'move': {'name': 'toxic', 'url': 'https://pokeapi.co/api/v2/move/92/'}, 'version_group_details': [{'level_learned_at': 0, 'version_group': {'name': 'red-blue', 'url': 'https://pokeapi.co/api/v2/version-group/1/'}, 'move_learn_method': {'name': 'machine', 'url': 'https://pokeapi.co/api/v2/move-learn-method/4/'}, 'order': None}, {'level_learned_at': 0, 'version_group': {'name': 'yellow', 'url': 'https://pokeapi.co/api/v2/version-group/2/'}, 'move_learn_method': {'name': 'machine', 'url': 'https://pokeapi.co/api/v2/move-learn-method/4/'}, 'order': None}, {'level_learned_at': 0, 'version_group': {'name': 'gold-silver', 'url': 'https://pokeapi.co/api/v2/version-group/3/'}, 'move_learn_method': {'name': 'machine', 'url': 'https://pokeapi.co/api/v2/move-learn-method/4/'}, 'order': None}, {'level_learned_at': 0, 'version_group': {'name': 'crystal', 'url': 'https://pokeapi.co/api/v2/version-group/4/'}, 'move_learn_method': {'name': 'machine', 'url': 'https://pokeapi.co/api/v2/move-learn-method/4/'}, 'order': None}, {'level_learned_at': 0, 'version_group': {'name': 'ruby-sapphire', 'url': 'https://pokeapi.co/api/v2/version-group/5/'}, 'move_learn_method': {'name': 'machine', 'url': 'https://pokeapi.co/api/v2/move-learn-method/4/'}, 'order': None}, {'level_learned_at': 0, 'version_group': {'name': 'emerald', 'url': 'https://pokeapi.co/api/v2/version-group/6/'}, 'move_learn_method': {'name': 'machine', 'url': 'https://pokeapi.co/api/v2/move-learn-method/4/'}, 'order': None}, {'level_learned_at': 0, 'version_group': {'name': 'firered-leafgreen', 'url': 'https://pokeapi.co/api/v2/version-group/7/'}, 'move_learn_method': {'name': 'machine', 'url': 'https://pokeapi.co/api/v2/move-learn-method/4/'}, 'order': None}, {'level_learned_at': 0, 'version_group': {'name': 'diamond-pearl', 'url': 'https://pokeapi.co/api/v2/version-group/8/'}, 'move_learn_method': {'name': 'machine', 'url': 'https://pokeapi.co/api/v2/move-learn-method/4/'}, 'order': None}, {'level_learned_at': 0, 'version_group': {'name': 'platinum', 'url': 'https://pokeapi.co/api/v2/version-group/9/'}, 'move_learn_method': {'name': 'machine', 'url': 'https://pokeapi.co/api/v2/move-learn-method/4/'}, 'order': None}, {'level_learned_at': 0, 'version_group': {'name': 'heartgold-soulsilver', 'url': 'https://pokeapi.co/api/v2/version-group/10/'}, 'move_learn_method': {'name': 'machine', 'url': 'https://pokeapi.co/api/v2/move-learn-method/4/'}, 'order': None}, {'level_learned_at': 0, 'version_group': {'name': 'black-white', 'url': 'https://pokeapi.co/api/v2/version-group/11/'}, 'move_learn_method': {'name': 'machine', 'url': 'https://pokeapi.co/api/v2/move-learn-method/4/'}, 'order': None}, {'level_learned_at': 0, 'version_group': {'name': 'colosseum', 'url': 'https://pokeapi.co/api/v2/version-group/12/'}, 'move_learn_method': {'name': 'machine', 'url': 'https://pokeapi.co/api/v2/move-learn-method/4/'}, 'order': None}, {'level_learned_at': 0, 'version_group': {'name': 'xd', 'url': 'https://pokeapi.co/api/v2/version-group/13/'}, 'move_learn_method': {'name': 'machine', 'url': 'https://pokeapi.co/api/v2/move-learn-method/4/'}, 'order': None}, {'level_learned_at': 0, 'version_group': {'name': 'black-2-white-2', 'url': 'https://pokeapi.co/api/v2/version-group/14/'}, 'move_learn_method': {'name': 'machine', 'url': 'https://pokeapi.co/api/v2/move-learn-method/4/'}, 'order': None}, {'level_learned_at': 0, 'version_group': {'name': 'x-y', 'url': 'https://pokeapi.co/api/v2/version-group/15/'}, 'move_learn_method': {'name': 'machine', 'url': 'https://pokeapi.co/api/v2/move-learn-method/4/'}, 'order': None}, {'level_learned_at': 0, 'version_group': {'name': 'omega-ruby-alpha-sapphire', 'url': 'https://pokeapi.co/api/v2/version-group/16/'}, 'move_learn_method': {'name': 'machine', 'url': 'https://pokeapi.co/api/v2/move-learn-method/4/'}, 'order': None}, {'level_learned_at': 0, 'version_group': {'name': 'sun-moon', 'url': 'https://pokeapi.co/api/v2/version-group/17/'}, 'move_learn_method': {'name': 'machine', 'url': 'https://pokeapi.co/api/v2/move-learn-method/4/'}, 'order': None}, {'level_learned_at': 0, 'version_group': {'name': 'ultra-sun-ultra-moon', 'url': 'https://pokeapi.co/api/v2/version-group/18/'}, 'move_learn_method': {'name': 'machine', 'url': 'https://pokeapi.co/api/v2/move-learn-method/4/'}, 'order': None}, {'level_learned_at': 0, 'version_group': {'name': 'lets-go-pikachu-lets-go-eevee', 'url': 'https://pokeapi.co/api/v2/version-group/19/'}, 'move_learn_method': {'name': 'machine', 'url': 'https://pokeapi.co/api/v2/move-learn-method/4/'}, 'order': None}, {'level_learned_at': 0, 'version_group': {'name': 'sword-shield', 'url': 'https://pokeapi.co/api/v2/version-group/20/'}, 'move_learn_method': {'name': 'egg', 'url': 'https://pokeapi.co/api/v2/move-learn-method/2/'}, 'order': None}, {'level_learned_at': 0, 'version_group': {'name': 'brilliant-diamond-shining-pearl', 'url': 'https://pokeapi.co/api/v2/version-group/23/'}, 'move_learn_method': {'name': 'machine', 'url': 'https://pokeapi.co/api/v2/move-learn-method/4/'}, 'order': None}, {'level_learned_at': 0, 'version_group': {'name': 'scarlet-violet', 'url': 'https://pokeapi.co/api/v2/version-group/25/'}, 'move_learn_method': {'name': 'egg', 'url': 'https://pokeapi.co/api/v2/move-learn-method/2/'}, 'order': None}, {'level_learned_at': 0, 'version_group': {'name': 'scarlet-violet', 'url': 'https://pokeapi.co/api/v2/version-group/25/'}, 'move_learn_method': {'name': 'machine', 'url': 'https://pokeapi.co/api/v2/move-learn-method/4/'}, 'order': None}, {'level_learned_at': 0, 'version_group': {'name': 'red-green-japan', 'url': 'https://pokeapi.co/api/v2/version-group/28/'}, 'move_learn_method': {'name': 'machine', 'url': 'https://pokeapi.co/api/v2/move-learn-method/4/'}, 'order': None}, {'level_learned_at': 0, 'version_group': {'name': 'blue-japan', 'url': 'https://pokeapi.co/api/v2/version-group/29/'}, 'move_learn_method': {'name': 'machine', 'url': 'https://pokeapi.co/api/v2/move-learn-method/4/'}, 'order': None}]}, {'move': {'name': 'rage', 'url': 'https://pokeapi.co/api/v2/move/99/'}, 'version_group_details': [{'level_learned_at': 0, 'version_group': {'name': 'red-blue', 'url': 'https://pokeapi.co/api/v2/version-group/1/'}, 'move_learn_method': {'name': 'machine', 'url': 'https://pokeapi.co/api/v2/move-learn-method/4/'}, 'order': None}, {'level_learned_at': 0, 'version_group': {'name': 'yellow', 'url': 'https://pokeapi.co/api/v2/version-group/2/'}, 'move_learn_method': {'name': 'machine', 'url': 'https://pokeapi.co/api/v2/move-learn-method/4/'}, 'order': None}, {'level_learned_at': 0, 'version_group': {'name': 'red-green-japan', 'url': 'https://pokeapi.co/api/v2/version-group/28/'}, 'move_learn_method': {'name': 'machine', 'url': 'https://pokeapi.co/api/v2/move-learn-method/4/'}, 'order': None}, {'level_learned_at': 0, 'version_group': {'name': 'blue-japan', 'url': 'https://pokeapi.co/api/v2/version-group/29/'}, 'move_learn_method': {'name': 'machine', 'url': 'https://pokeapi.co/api/v2/move-learn-method/4/'}, 'order': None}]}, {'move': {'name': 'mimic', 'url': 'https://pokeapi.co/api/v2/move/102/'}, 'version_group_details': [{'level_learned_at': 0, 'version_group': {'name': 'red-blue', 'url': 'https://pokeapi.co/api/v2/version-group/1/'}, 'move_learn_method': {'name': 'machine', 'url': 'https://pokeapi.co/api/v2/move-learn-method/4/'}, 'order': None}, {'level_learned_at': 0, 'version_group': {'name': 'yellow', 'url': 'https://pokeapi.co/api/v2/version-group/2/'}, 'move_learn_method': {'name': 'machine', 'url': 'https://pokeapi.co/api/v2/move-learn-method/4/'}, 'order': None}, {'level_learned_at': 0, 'version_group': {'name': 'emerald', 'url': 'https://pokeapi.co/api/v2/version-group/6/'}, 'move_learn_method': {'name': 'tutor', 'url': 'https://pokeapi.co/api/v2/move-learn-method/3/'}, 'order': None}, {'level_learned_at': 0, 'version_group': {'name': 'firered-leafgreen', 'url': 'https://pokeapi.co/api/v2/version-group/7/'}, 'move_learn_method': {'name': 'tutor', 'url': 'https://pokeapi.co/api/v2/move-learn-method/3/'}, 'order': None}, {'level_learned_at': 0, 'version_group': {'name': 'xd', 'url': 'https://pokeapi.co/api/v2/version-group/13/'}, 'move_learn_method': {'name': 'tutor', 'url': 'https://pokeapi.co/api/v2/move-learn-method/3/'}, 'order': None}, {'level_learned_at': 0, 'version_group': {'name': 'red-green-japan', 'url': 'https://pokeapi.co/api/v2/version-group/28/'}, 'move_learn_method': {'name': 'machine', 'url': 'https://pokeapi.co/api/v2/move-learn-method/4/'}, 'order': None}, {'level_learned_at': 0, 'version_group': {'name': 'blue-japan', 'url': 'https://pokeapi.co/api/v2/version-group/29/'}, 'move_learn_method': {'name': 'machine', 'url': 'https://pokeapi.co/api/v2/move-learn-method/4/'}, 'order': None}]}, {'move': {'name': 'double-team', 'url': 'https://pokeapi.co/api/v2/move/104/'}, 'version_group_details': [{'level_learned_at': 0, 'version_group': {'name': 'red-blue', 'url': 'https://pokeapi.co/api/v2/version-group/1/'}, 'move_learn_method': {'name': 'machine', 'url': 'https://pokeapi.co/api/v2/move-learn-method/4/'}, 'order': None}, {'level_learned_at': 0, 'version_group': {'name': 'yellow', 'url': 'https://pokeapi.co/api/v2/version-group/2/'}, 'move_learn_method': {'name': 'machine', 'url': 'https://pokeapi.co/api/v2/move-learn-method/4/'}, 'order': None}, {'level_learned_at': 0, 'version_group': {'name': 'gold-silver', 'url': 'https://pokeapi.co/api/v2/version-group/3/'}, 'move_learn_method': {'name': 'machine', 'url': 'https://pokeapi.co/api/v2/move-learn-method/4/'}, 'order': None}, {'level_learned_at': 0, 'version_group': {'name': 'crystal', 'url': 'https://pokeapi.co/api/v2/version-group/4/'}, 'move_learn_method': {'name': 'machine', 'url': 'https://pokeapi.co/api/v2/move-learn-method/4/'}, 'order': None}, {'level_learned_at': 0, 'version_group': {'name': 'ruby-sapphire', 'url': 'https://pokeapi.co/api/v2/version-group/5/'}, 'move_learn_method': {'name': 'machine', 'url': 'https://pokeapi.co/api/v2/move-learn-method/4/'}, 'order': None}, {'level_learned_at': 0, 'version_group': {'name': 'emerald', 'url': 'https://pokeapi.co/api/v2/version-group/6/'}, 'move_learn_method': {'name': 'machine', 'url': 'https://pokeapi.co/api/v2/move-learn-method/4/'}, 'order': None}, {'level_learned_at': 0, 'version_group': {'name': 'firered-leafgreen', 'url': 'https://pokeapi.co/api/v2/version-group/7/'}, 'move_learn_method': {'name': 'machine', 'url': 'https://pokeapi.co/api/v2/move-learn-method/4/'}, 'order': None}, {'level_learned_at': 0, 'version_group': {'name': 'diamond-pearl', 'url': 'https://pokeapi.co/api/v2/version-group/8/'}, 'move_learn_method': {'name': 'machine', 'url': 'https://pokeapi.co/api/v2/move-learn-method/4/'}, 'order': None}, {'level_learned_at': 0, 'version_group': {'name': 'platinum', 'url': 'https://pokeapi.co/api/v2/version-group/9/'}, 'move_learn_method': {'name': 'machine', 'url': 'https://pokeapi.co/api/v2/move-learn-method/4/'}, 'order': None}, {'level_learned_at': 0, 'version_group': {'name': 'heartgold-soulsilver', 'url': 'https://pokeapi.co/api/v2/version-group/10/'}, 'move_learn_method': {'name': 'machine', 'url': 'https://pokeapi.co/api/v2/move-learn-method/4/'}, 'order': None}, {'level_learned_at': 0, 'version_group': {'name': 'black-white', 'url': 'https://pokeapi.co/api/v2/version-group/11/'}, 'move_learn_method': {'name': 'machine', 'url': 'https://pokeapi.co/api/v2/move-learn-method/4/'}, 'order': None}, {'level_learned_at': 0, 'version_group': {'name': 'colosseum', 'url': 'https://pokeapi.co/api/v2/version-group/12/'}, 'move_learn_method': {'name': 'machine', 'url': 'https://pokeapi.co/api/v2/move-learn-method/4/'}, 'order': None}, {'level_learned_at': 0, 'version_group': {'name': 'xd', 'url': 'https://pokeapi.co/api/v2/version-group/13/'}, 'move_learn_method': {'name': 'machine', 'url': 'https://pokeapi.co/api/v2/move-learn-method/4/'}, 'order': None}, {'level_learned_at': 0, 'version_group': {'name': 'black-2-white-2', 'url': 'https://pokeapi.co/api/v2/version-group/14/'}, 'move_learn_method': {'name': 'machine', 'url': 'https://pokeapi.co/api/v2/move-learn-method/4/'}, 'order': None}, {'level_learned_at': 0, 'version_group': {'name': 'x-y', 'url': 'https://pokeapi.co/api/v2/version-group/15/'}, 'move_learn_method': {'name': 'machine', 'url': 'https://pokeapi.co/api/v2/move-learn-method/4/'}, 'order': None}, {'level_learned_at': 0, 'version_group': {'name': 'omega-ruby-alpha-sapphire', 'url': 'https://pokeapi.co/api/v2/version-group/16/'}, 'move_learn_method': {'name': 'machine', 'url': 'https://pokeapi.co/api/v2/move-learn-method/4/'}, 'order': None}, {'level_learned_at': 0, 'version_group': {'name': 'sun-moon', 'url': 'https://pokeapi.co/api/v2/version-group/17/'}, 'move_learn_method': {'name': 'machine', 'url': 'https://pokeapi.co/api/v2/move-learn-method/4/'}, 'order': None}, {'level_learned_at': 0, 'version_group': {'name': 'ultra-sun-ultra-moon', 'url': 'https://pokeapi.co/api/v2/version-group/18/'}, 'move_learn_method': {'name': 'machine', 'url': 'https://pokeapi.co/api/v2/move-learn-method/4/'}, 'order': None}, {'level_learned_at': 0, 'version_group': {'name': 'brilliant-diamond-shining-pearl', 'url': 'https://pokeapi.co/api/v2/version-group/23/'}, 'move_learn_method': {'name': 'machine', 'url': 'https://pokeapi.co/api/v2/move-learn-method/4/'}, 'order': None}, {'level_learned_at': 0, 'version_group': {'name': 'red-green-japan', 'url': 'https://pokeapi.co/api/v2/version-group/28/'}, 'move_learn_method': {'name': 'machine', 'url': 'https://pokeapi.co/api/v2/move-learn-method/4/'}, 'order': None}, {'level_learned_at': 0, 'version_group': {'name': 'blue-japan', 'url': 'https://pokeapi.co/api/v2/version-group/29/'}, 'move_learn_method': {'name': 'machine', 'url': 'https://pokeapi.co/api/v2/move-learn-method/4/'}, 'order': None}]}, {'move': {'name': 'defense-curl', 'url': 'https://pokeapi.co/api/v2/move/111/'}, 'version_group_details': [{'level_learned_at': 0, 'version_group': {'name': 'gold-silver', 'url': 'https://pokeapi.co/api/v2/version-group/3/'}, 'move_learn_method': {'name': 'machine', 'url': 'https://pokeapi.co/api/v2/move-learn-method/4/'}, 'order': None}, {'level_learned_at': 0, 'version_group': {'name': 'crystal', 'url': 'https://pokeapi.co/api/v2/version-group/4/'}, 'move_learn_method': {'name': 'machine', 'url': 'https://pokeapi.co/api/v2/move-learn-method/4/'}, 'order': None}, {'level_learned_at': 0, 'version_group': {'name': 'emerald', 'url': 'https://pokeapi.co/api/v2/version-group/6/'}, 'move_learn_method': {'name': 'tutor', 'url': 'https://pokeapi.co/api/v2/move-learn-method/3/'}, 'order': None}]}, {'move': {'name': 'light-screen', 'url': 'https://pokeapi.co/api/v2/move/113/'}, 'version_group_details': [{'level_learned_at': 0, 'version_group': {'name': 'gold-silver', 'url': 'https://pokeapi.co/api/v2/version-group/3/'}, 'move_learn_method': {'name': 'egg', 'url': 'https://pokeapi.co/api/v2/move-learn-method/2/'}, 'order': None}, {'level_learned_at': 0, 'version_group': {'name': 'crystal', 'url': 'https://pokeapi.co/api/v2/version-group/4/'}, 'move_learn_method': {'name': 'egg', 'url': 'https://pokeapi.co/api/v2/move-learn-method/2/'}, 'order': None}, {'level_learned_at': 0, 'version_group': {'name': 'ruby-sapphire', 'url': 'https://pokeapi.co/api/v2/version-group/5/'}, 'move_learn_method': {'name': 'egg', 'url': 'https://pokeapi.co/api/v2/move-learn-method/2/'}, 'order': None}, {'level_learned_at': 0, 'version_group': {'name': 'emerald', 'url': 'https://pokeapi.co/api/v2/version-group/6/'}, 'move_learn_method': {'name': 'egg', 'url': 'https://pokeapi.co/api/v2/move-learn-method/2/'}, 'order': None}, {'level_learned_at': 0, 'version_group': {'name': 'firered-leafgreen', 'url': 'https://pokeapi.co/api/v2/version-group/7/'}, 'move_learn_method': {'name': 'egg', 'url': 'https://pokeapi.co/api/v2/move-learn-method/2/'}, 'order': None}, {'level_learned_at': 0, 'version_group': {'name': 'diamond-pearl', 'url': 'https://pokeapi.co/api/v2/version-group/8/'}, 'move_learn_method': {'name': 'egg', 'url': 'https://pokeapi.co/api/v2/move-learn-method/2/'}, 'order': None}, {'level_learned_at': 0, 'version_group': {'name': 'platinum', 'url': 'https://pokeapi.co/api/v2/version-group/9/'}, 'move_learn_method': {'name': 'egg', 'url': 'https://pokeapi.co/api/v2/move-learn-method/2/'}, 'order': None}, {'level_learned_at': 0, 'version_group': {'name': 'heartgold-soulsilver', 'url': 'https://pokeapi.co/api/v2/version-group/10/'}, 'move_learn_method': {'name': 'egg', 'url': 'https://pokeapi.co/api/v2/move-learn-method/2/'}, 'order': None}, {'level_learned_at': 0, 'version_group': {'name': 'black-white', 'url': 'https://pokeapi.co/api/v2/version-group/11/'}, 'move_learn_method': {'name': 'machine', 'url': 'https://pokeapi.co/api/v2/move-learn-method/4/'}, 'order': None}, {'level_learned_at': 0, 'version_group': {'name': 'black-2-white-2', 'url': 'https://pokeapi.co/api/v2/version-group/14/'}, 'move_learn_method': {'name': 'machine', 'url': 'https://pokeapi.co/api/v2/move-learn-method/4/'}, 'order': None}, {'level_learned_at': 0, 'version_group': {'name': 'x-y', 'url': 'https://pokeapi.co/api/v2/version-group/15/'}, 'move_learn_method': {'name': 'machine', 'url': 'https://pokeapi.co/api/v2/move-learn-method/4/'}, 'order': None}, {'level_learned_at': 0, 'version_group': {'name': 'omega-ruby-alpha-sapphire', 'url': 'https://pokeapi.co/api/v2/version-group/16/'}, 'move_learn_method': {'name': 'machine', 'url': 'https://pokeapi.co/api/v2/move-learn-method/4/'}, 'order': None}, {'level_learned_at': 0, 'version_group': {'name': 'sun-moon', 'url': 'https://pokeapi.co/api/v2/version-group/17/'}, 'move_learn_method': {'name': 'machine', 'url': 'https://pokeapi.co/api/v2/move-learn-method/4/'}, 'order': None}, {'level_learned_at': 0, 'version_group': {'name': 'ultra-sun-ultra-moon', 'url': 'https://pokeapi.co/api/v2/version-group/18/'}, 'move_learn_method': {'name': 'machine', 'url': 'https://pokeapi.co/api/v2/move-learn-method/4/'}, 'order': None}, {'level_learned_at': 0, 'version_group': {'name': 'lets-go-pikachu-lets-go-eevee', 'url': 'https://pokeapi.co/api/v2/version-group/19/'}, 'move_learn_method': {'name': 'machine', 'url': 'https://pokeapi.co/api/v2/move-learn-method/4/'}, 'order': None}, {'level_learned_at': 0, 'version_group': {'name': 'sword-shield', 'url': 'https://pokeapi.co/api/v2/version-group/20/'}, 'move_learn_method': {'name': 'machine', 'url': 'https://pokeapi.co/api/v2/move-learn-method/4/'}, 'order': None}, {'level_learned_at': 0, 'version_group': {'name': 'brilliant-diamond-shining-pearl', 'url': 'https://pokeapi.co/api/v2/version-group/23/'}, 'move_learn_method': {'name': 'machine', 'url': 'https://pokeapi.co/api/v2/move-learn-method/4/'}, 'order': None}]}, {'move': {'name': 'reflect', 'url': 'https://pokeapi.co/api/v2/move/115/'}, 'version_group_details': [{'level_learned_at': 0, 'version_group': {'name': 'red-blue', 'url': 'https://pokeapi.co/api/v2/version-group/1/'}, 'move_learn_method': {'name': 'machine', 'url': 'https://pokeapi.co/api/v2/move-learn-method/4/'}, 'order': None}, {'level_learned_at': 0, 'version_group': {'name': 'yellow', 'url': 'https://pokeapi.co/api/v2/version-group/2/'}, 'move_learn_method': {'name': 'machine', 'url': 'https://pokeapi.co/api/v2/move-learn-method/4/'}, 'order': None}, {'level_learned_at': 0, 'version_group': {'name': 'lets-go-pikachu-lets-go-eevee', 'url': 'https://pokeapi.co/api/v2/version-group/19/'}, 'move_learn_method': {'name': 'machine', 'url': 'https://pokeapi.co/api/v2/move-learn-method/4/'}, 'order': None}, {'level_learned_at': 0, 'version_group': {'name': 'red-green-japan', 'url': 'https://pokeapi.co/api/v2/version-group/28/'}, 'move_learn_method': {'name': 'machine', 'url': 'https://pokeapi.co/api/v2/move-learn-method/4/'}, 'order': None}, {'level_learned_at': 0, 'version_group': {'name': 'blue-japan', 'url': 'https://pokeapi.co/api/v2/version-group/29/'}, 'move_learn_method': {'name': 'machine', 'url': 'https://pokeapi.co/api/v2/move-learn-method/4/'}, 'order': None}]}, {'move': {'name': 'bide', 'url': 'https://pokeapi.co/api/v2/move/117/'}, 'version_group_details': [{'level_learned_at': 0, 'version_group': {'name': 'red-blue', 'url': 'https://pokeapi.co/api/v2/version-group/1/'}, 'move_learn_method': {'name': 'machine', 'url': 'https://pokeapi.co/api/v2/move-learn-method/4/'}, 'order': None}, {'level_learned_at': 0, 'version_group': {'name': 'yellow', 'url': 'https://pokeapi.co/api/v2/version-group/2/'}, 'move_learn_method': {'name': 'machine', 'url': 'https://pokeapi.co/api/v2/move-learn-method/4/'}, 'order': None}, {'level_learned_at': 0, 'version_group': {'name': 'red-green-japan', 'url': 'https://pokeapi.co/api/v2/version-group/28/'}, 'move_learn_method': {'name': 'machine', 'url': 'https://pokeapi.co/api/v2/move-learn-method/4/'}, 'order': None}, {'level_learned_at': 0, 'version_group': {'name': 'blue-japan', 'url': 'https://pokeapi.co/api/v2/version-group/29/'}, 'move_learn_method': {'name': 'machine', 'url': 'https://pokeapi.co/api/v2/move-learn-method/4/'}, 'order': None}]}, {'move': {'name': 'sludge', 'url': 'https://pokeapi.co/api/v2/move/124/'}, 'version_group_details': [{'level_learned_at': 0, 'version_group': {'name': 'heartgold-soulsilver', 'url': 'https://pokeapi.co/api/v2/version-group/10/'}, 'move_learn_method': {'name': 'egg', 'url': 'https://pokeapi.co/api/v2/move-learn-method/2/'}, 'order': None}, {'level_learned_at': 0, 'version_group': {'name': 'black-white', 'url': 'https://pokeapi.co/api/v2/version-group/11/'}, 'move_learn_method': {'name': 'egg', 'url': 'https://pokeapi.co/api/v2/move-learn-method/2/'}, 'order': None}, {'level_learned_at': 0, 'version_group': {'name': 'black-2-white-2', 'url': 'https://pokeapi.co/api/v2/version-group/14/'}, 'move_learn_method': {'name': 'egg', 'url': 'https://pokeapi.co/api/v2/move-learn-method/2/'}, 'order': None}, {'level_learned_at': 0, 'version_group': {'name': 'x-y', 'url': 'https://pokeapi.co/api/v2/version-group/15/'}, 'move_learn_method': {'name': 'egg', 'url': 'https://pokeapi.co/api/v2/move-learn-method/2/'}, 'order': None}, {'level_learned_at': 0, 'version_group': {'name': 'omega-ruby-alpha-sapphire', 'url': 'https://pokeapi.co/api/v2/version-group/16/'}, 'move_learn_method': {'name': 'egg', 'url': 'https://pokeapi.co/api/v2/move-learn-method/2/'}, 'order': None}, {'level_learned_at': 0, 'version_group': {'name': 'sun-moon', 'url': 'https://pokeapi.co/api/v2/version-group/17/'}, 'move_learn_method': {'name': 'egg', 'url': 'https://pokeapi.co/api/v2/move-learn-method/2/'}, 'order': None}, {'level_learned_at': 0, 'version_group': {'name': 'ultra-sun-ultra-moon', 'url': 'https://pokeapi.co/api/v2/version-group/18/'}, 'move_learn_method': {'name': 'egg', 'url': 'https://pokeapi.co/api/v2/move-learn-method/2/'}, 'order': None}, {'level_learned_at': 0, 'version_group': {'name': 'brilliant-diamond-shining-pearl', 'url': 'https://pokeapi.co/api/v2/version-group/23/'}, 'move_learn_method': {'name': 'egg', 'url': 'https://pokeapi.co/api/v2/move-learn-method/2/'}, 'order': None}]}, {'move': {'name': 'skull-bash', 'url': 'https://pokeapi.co/api/v2/move/130/'}, 'version_group_details': [{'level_learned_at': 0, 'version_group': {'name': 'gold-silver', 'url': 'https://pokeapi.co/api/v2/version-group/3/'}, 'move_learn_method': {'name': 'egg', 'url': 'https://pokeapi.co/api/v2/move-learn-method/2/'}, 'order': None}, {'level_learned_at': 0, 'version_group': {'name': 'crystal', 'url': 'https://pokeapi.co/api/v2/version-group/4/'}, 'move_learn_method': {'name': 'egg', 'url': 'https://pokeapi.co/api/v2/move-learn-method/2/'}, 'order': None}, {'level_learned_at': 0, 'version_group': {'name': 'ruby-sapphire', 'url': 'https://pokeapi.co/api/v2/version-group/5/'}, 'move_learn_method': {'name': 'egg', 'url': 'https://pokeapi.co/api/v2/move-learn-method/2/'}, 'order': None}, {'level_learned_at': 0, 'version_group': {'name': 'emerald', 'url': 'https://pokeapi.co/api/v2/version-group/6/'}, 'move_learn_method': {'name': 'egg', 'url': 'https://pokeapi.co/api/v2/move-learn-method/2/'}, 'order': None}, {'level_learned_at': 0, 'version_group': {'name': 'firered-leafgreen', 'url': 'https://pokeapi.co/api/v2/version-group/7/'}, 'move_learn_method': {'name': 'egg', 'url': 'https://pokeapi.co/api/v2/move-learn-method/2/'}, 'order': None}, {'level_learned_at': 0, 'version_group': {'name': 'diamond-pearl', 'url': 'https://pokeapi.co/api/v2/version-group/8/'}, 'move_learn_method': {'name': 'egg', 'url': 'https://pokeapi.co/api/v2/move-learn-method/2/'}, 'order': None}, {'level_learned_at': 0, 'version_group': {'name': 'platinum', 'url': 'https://pokeapi.co/api/v2/version-group/9/'}, 'move_learn_method': {'name': 'egg', 'url': 'https://pokeapi.co/api/v2/move-learn-method/2/'}, 'order': None}, {'level_learned_at': 0, 'version_group': {'name': 'heartgold-soulsilver', 'url': 'https://pokeapi.co/api/v2/version-group/10/'}, 'move_learn_method': {'name': 'egg', 'url': 'https://pokeapi.co/api/v2/move-learn-method/2/'}, 'order': None}, {'level_learned_at': 0, 'version_group': {'name': 'black-white', 'url': 'https://pokeapi.co/api/v2/version-group/11/'}, 'move_learn_method': {'name': 'egg', 'url': 'https://pokeapi.co/api/v2/move-learn-method/2/'}, 'order': None}, {'level_learned_at': 0, 'version_group': {'name': 'black-2-white-2', 'url': 'https://pokeapi.co/api/v2/version-group/14/'}, 'move_learn_method': {'name': 'egg', 'url': 'https://pokeapi.co/api/v2/move-learn-method/2/'}, 'order': None}, {'level_learned_at': 0, 'version_group': {'name': 'x-y', 'url': 'https://pokeapi.co/api/v2/version-group/15/'}, 'move_learn_method': {'name': 'egg', 'url': 'https://pokeapi.co/api/v2/move-learn-method/2/'}, 'order': None}, {'level_learned_at': 0, 'version_group': {'name': 'omega-ruby-alpha-sapphire', 'url': 'https://pokeapi.co/api/v2/version-group/16/'}, 'move_learn_method': {'name': 'egg', 'url': 'https://pokeapi.co/api/v2/move-learn-method/2/'}, 'order': None}, {'level_learned_at': 0, 'version_group': {'name': 'sun-moon', 'url': 'https://pokeapi.co/api/v2/version-group/17/'}, 'move_learn_method': {'name': 'egg', 'url': 'https://pokeapi.co/api/v2/move-learn-method/2/'}, 'order': None}, {'level_learned_at': 0, 'version_group': {'name': 'ultra-sun-ultra-moon', 'url': 'https://pokeapi.co/api/v2/version-group/18/'}, 'move_learn_method': {'name': 'egg', 'url': 'https://pokeapi.co/api/v2/move-learn-method/2/'}, 'order': None}, {'level_learned_at': 0, 'version_group': {'name': 'sword-shield', 'url': 'https://pokeapi.co/api/v2/version-group/20/'}, 'move_learn_method': {'name': 'egg', 'url': 'https://pokeapi.co/api/v2/move-learn-method/2/'}, 'order': None}, {'level_learned_at': 0, 'version_group': {'name': 'brilliant-diamond-shining-pearl', 'url': 'https://pokeapi.co/api/v2/version-group/23/'}, 'move_learn_method': {'name': 'egg', 'url': 'https://pokeapi.co/api/v2/move-learn-method/2/'}, 'order': None}]}, {'move': {'name': 'amnesia', 'url': 'https://pokeapi.co/api/v2/move/133/'}, 'version_group_details': [{'level_learned_at': 0, 'version_group': {'name': 'diamond-pearl', 'url': 'https://pokeapi.co/api/v2/version-group/8/'}, 'move_learn_method': {'name': 'egg', 'url': 'https://pokeapi.co/api/v2/move-learn-method/2/'}, 'order': None}, {'level_learned_at': 0, 'version_group': {'name': 'platinum', 'url': 'https://pokeapi.co/api/v2/version-group/9/'}, 'move_learn_method': {'name': 'egg', 'url': 'https://pokeapi.co/api/v2/move-learn-method/2/'}, 'order': None}, {'level_learned_at': 0, 'version_group': {'name': 'heartgold-soulsilver', 'url': 'https://pokeapi.co/api/v2/version-group/10/'}, 'move_learn_method': {'name': 'egg', 'url': 'https://pokeapi.co/api/v2/move-learn-method/2/'}, 'order': None}, {'level_learned_at': 0, 'version_group': {'name': 'black-white', 'url': 'https://pokeapi.co/api/v2/version-group/11/'}, 'move_learn_method': {'name': 'egg', 'url': 'https://pokeapi.co/api/v2/move-learn-method/2/'}, 'order': None}, {'level_learned_at': 0, 'version_group': {'name': 'black-2-white-2', 'url': 'https://pokeapi.co/api/v2/version-group/14/'}, 'move_learn_method': {'name': 'egg', 'url': 'https://pokeapi.co/api/v2/move-learn-method/2/'}, 'order': None}, {'level_learned_at': 0, 'version_group': {'name': 'x-y', 'url': 'https://pokeapi.co/api/v2/version-group/15/'}, 'move_learn_method': {'name': 'egg', 'url': 'https://pokeapi.co/api/v2/move-learn-method/2/'}, 'order': None}, {'level_learned_at': 0, 'version_group': {'name': 'omega-ruby-alpha-sapphire', 'url': 'https://pokeapi.co/api/v2/version-group/16/'}, 'move_learn_method': {'name': 'egg', 'url': 'https://pokeapi.co/api/v2/move-learn-method/2/'}, 'order': None}, {'level_learned_at': 0, 'version_group': {'name': 'sun-moon', 'url': 'https://pokeapi.co/api/v2/version-group/17/'}, 'move_learn_method': {'name': 'egg', 'url': 'https://pokeapi.co/api/v2/move-learn-method/2/'}, 'order': None}, {'level_learned_at': 0, 'version_group': {'name': 'ultra-sun-ultra-moon', 'url': 'https://pokeapi.co/api/v2/version-group/18/'}, 'move_learn_method': {'name': 'egg', 'url': 'https://pokeapi.co/api/v2/move-learn-method/2/'}, 'order': None}, {'level_learned_at': 0, 'version_group': {'name': 'sword-shield', 'url': 'https://pokeapi.co/api/v2/version-group/20/'}, 'move_learn_method': {'name': 'machine', 'url': 'https://pokeapi.co/api/v2/move-learn-method/4/'}, 'order': None}, {'level_learned_at': 0, 'version_group': {'name': 'brilliant-diamond-shining-pearl', 'url': 'https://pokeapi.co/api/v2/version-group/23/'}, 'move_learn_method': {'name': 'egg', 'url': 'https://pokeapi.co/api/v2/move-learn-method/2/'}, 'order': None}]}, {'move': {'name': 'flash', 'url': 'https://pokeapi.co/api/v2/move/148/'}, 'version_group_details': [{'level_learned_at': 0, 'version_group': {'name': 'gold-silver', 'url': 'https://pokeapi.co/api/v2/version-group/3/'}, 'move_learn_method': {'name': 'machine', 'url': 'https://pokeapi.co/api/v2/move-learn-method/4/'}, 'order': None}, {'level_learned_at': 0, 'version_group': {'name': 'crystal', 'url': 'https://pokeapi.co/api/v2/version-group/4/'}, 'move_learn_method': {'name': 'machine', 'url': 'https://pokeapi.co/api/v2/move-learn-method/4/'}, 'order': None}, {'level_learned_at': 0, 'version_group': {'name': 'ruby-sapphire', 'url': 'https://pokeapi.co/api/v2/version-group/5/'}, 'move_learn_method': {'name': 'machine', 'url': 'https://pokeapi.co/api/v2/move-learn-method/4/'}, 'order': None}, {'level_learned_at': 0, 'version_group': {'name': 'emerald', 'url': 'https://pokeapi.co/api/v2/version-group/6/'}, 'move_learn_method': {'name': 'machine', 'url': 'https://pokeapi.co/api/v2/move-learn-method/4/'}, 'order': None}, {'level_learned_at': 0, 'version_group': {'name': 'firered-leafgreen', 'url': 'https://pokeapi.co/api/v2/version-group/7/'}, 'move_learn_method': {'name': 'machine', 'url': 'https://pokeapi.co/api/v2/move-learn-method/4/'}, 'order': None}, {'level_learned_at': 0, 'version_group': {'name': 'diamond-pearl', 'url': 'https://pokeapi.co/api/v2/version-group/8/'}, 'move_learn_method': {'name': 'machine', 'url': 'https://pokeapi.co/api/v2/move-learn-method/4/'}, 'order': None}, {'level_learned_at': 0, 'version_group': {'name': 'platinum', 'url': 'https://pokeapi.co/api/v2/version-group/9/'}, 'move_learn_method': {'name': 'machine', 'url': 'https://pokeapi.co/api/v2/move-learn-method/4/'}, 'order': None}, {'level_learned_at': 0, 'version_group': {'name': 'heartgold-soulsilver', 'url': 'https://pokeapi.co/api/v2/version-group/10/'}, 'move_learn_method': {'name': 'machine', 'url': 'https://pokeapi.co/api/v2/move-learn-method/4/'}, 'order': None}, {'level_learned_at': 0, 'version_group': {'name': 'black-white', 'url': 'https://pokeapi.co/api/v2/version-group/11/'}, 'move_learn_method': {'name': 'machine', 'url': 'https://pokeapi.co/api/v2/move-learn-method/4/'}, 'order': None}, {'level_learned_at': 0, 'version_group': {'name': 'colosseum', 'url': 'https://pokeapi.co/api/v2/version-group/12/'}, 'move_learn_method': {'name': 'machine', 'url': 'https://pokeapi.co/api/v2/move-learn-method/4/'}, 'order': None}, {'level_learned_at': 0, 'version_group': {'name': 'xd', 'url': 'https://pokeapi.co/api/v2/version-group/13/'}, 'move_learn_method': {'name': 'machine', 'url': 'https://pokeapi.co/api/v2/move-learn-method/4/'}, 'order': None}, {'level_learned_at': 0, 'version_group': {'name': 'black-2-white-2', 'url': 'https://pokeapi.co/api/v2/version-group/14/'}, 'move_learn_method': {'name': 'machine', 'url': 'https://pokeapi.co/api/v2/move-learn-method/4/'}, 'order': None}, {'level_learned_at': 0, 'version_group': {'name': 'x-y', 'url': 'https://pokeapi.co/api/v2/version-group/15/'}, 'move_learn_method': {'name': 'machine', 'url': 'https://pokeapi.co/api/v2/move-learn-method/4/'}, 'order': None}, {'level_learned_at': 0, 'version_group': {'name': 'omega-ruby-alpha-sapphire', 'url': 'https://pokeapi.co/api/v2/version-group/16/'}, 'move_learn_method': {'name': 'machine', 'url': 'https://pokeapi.co/api/v2/move-learn-method/4/'}, 'order': None}, {'level_learned_at': 0, 'version_group': {'name': 'brilliant-diamond-shining-pearl', 'url': 'https://pokeapi.co/api/v2/version-group/23/'}, 'move_learn_method': {'name': 'machine', 'url': 'https://pokeapi.co/api/v2/move-learn-method/4/'}, 'order': None}]}, {'move': {'name': 'rest', 'url': 'https://pokeapi.co/api/v2/move/156/'}, 'version_group_details': [{'level_learned_at': 0, 'version_group': {'name': 'red-blue', 'url': 'https://pokeapi.co/api/v2/version-group/1/'}, 'move_learn_method': {'name': 'machine', 'url': 'https://pokeapi.co/api/v2/move-learn-method/4/'}, 'order': None}, {'level_learned_at': 0, 'version_group': {'name': 'yellow', 'url': 'https://pokeapi.co/api/v2/version-group/2/'}, 'move_learn_method': {'name': 'machine', 'url': 'https://pokeapi.co/api/v2/move-learn-method/4/'}, 'order': None}, {'level_learned_at': 0, 'version_group': {'name': 'gold-silver', 'url': 'https://pokeapi.co/api/v2/version-group/3/'}, 'move_learn_method': {'name': 'machine', 'url': 'https://pokeapi.co/api/v2/move-learn-method/4/'}, 'order': None}, {'level_learned_at': 0, 'version_group': {'name': 'crystal', 'url': 'https://pokeapi.co/api/v2/version-group/4/'}, 'move_learn_method': {'name': 'machine', 'url': 'https://pokeapi.co/api/v2/move-learn-method/4/'}, 'order': None}, {'level_learned_at': 0, 'version_group': {'name': 'ruby-sapphire', 'url': 'https://pokeapi.co/api/v2/version-group/5/'}, 'move_learn_method': {'name': 'machine', 'url': 'https://pokeapi.co/api/v2/move-learn-method/4/'}, 'order': None}, {'level_learned_at': 0, 'version_group': {'name': 'emerald', 'url': 'https://pokeapi.co/api/v2/version-group/6/'}, 'move_learn_method': {'name': 'machine', 'url': 'https://pokeapi.co/api/v2/move-learn-method/4/'}, 'order': None}, {'level_learned_at': 0, 'version_group': {'name': 'firered-leafgreen', 'url': 'https://pokeapi.co/api/v2/version-group/7/'}, 'move_learn_method': {'name': 'machine', 'url': 'https://pokeapi.co/api/v2/move-learn-method/4/'}, 'order': None}, {'level_learned_at': 0, 'version_group': {'name': 'diamond-pearl', 'url': 'https://pokeapi.co/api/v2/version-group/8/'}, 'move_learn_method': {'name': 'machine', 'url': 'https://pokeapi.co/api/v2/move-learn-method/4/'}, 'order': None}, {'level_learned_at': 0, 'version_group': {'name': 'platinum', 'url': 'https://pokeapi.co/api/v2/version-group/9/'}, 'move_learn_method': {'name': 'machine', 'url': 'https://pokeapi.co/api/v2/move-learn-method/4/'}, 'order': None}, {'level_learned_at': 0, 'version_group': {'name': 'heartgold-soulsilver', 'url': 'https://pokeapi.co/api/v2/version-group/10/'}, 'move_learn_method': {'name': 'machine', 'url': 'https://pokeapi.co/api/v2/move-learn-method/4/'}, 'order': None}, {'level_learned_at': 0, 'version_group': {'name': 'black-white', 'url': 'https://pokeapi.co/api/v2/version-group/11/'}, 'move_learn_method': {'name': 'machine', 'url': 'https://pokeapi.co/api/v2/move-learn-method/4/'}, 'order': None}, {'level_learned_at': 0, 'version_group': {'name': 'colosseum', 'url': 'https://pokeapi.co/api/v2/version-group/12/'}, 'move_learn_method': {'name': 'machine', 'url': 'https://pokeapi.co/api/v2/move-learn-method/4/'}, 'order': None}, {'level_learned_at': 0, 'version_group': {'name': 'xd', 'url': 'https://pokeapi.co/api/v2/version-group/13/'}, 'move_learn_method': {'name': 'machine', 'url': 'https://pokeapi.co/api/v2/move-learn-method/4/'}, 'order': None}, {'level_learned_at': 0, 'version_group': {'name': 'black-2-white-2', 'url': 'https://pokeapi.co/api/v2/version-group/14/'}, 'move_learn_method': {'name': 'machine', 'url': 'https://pokeapi.co/api/v2/move-learn-method/4/'}, 'order': None}, {'level_learned_at': 0, 'version_group': {'name': 'x-y', 'url': 'https://pokeapi.co/api/v2/version-group/15/'}, 'move_learn_method': {'name': 'machine', 'url': 'https://pokeapi.co/api/v2/move-learn-method/4/'}, 'order': None}, {'level_learned_at': 0, 'version_group': {'name': 'omega-ruby-alpha-sapphire', 'url': 'https://pokeapi.co/api/v2/version-group/16/'}, 'move_learn_method': {'name': 'machine', 'url': 'https://pokeapi.co/api/v2/move-learn-method/4/'}, 'order': None}, {'level_learned_at': 0, 'version_group': {'name': 'sun-moon', 'url': 'https://pokeapi.co/api/v2/version-group/17/'}, 'move_learn_method': {'name': 'machine', 'url': 'https://pokeapi.co/api/v2/move-learn-method/4/'}, 'order': None}, {'level_learned_at': 0, 'version_group': {'name': 'ultra-sun-ultra-moon', 'url': 'https://pokeapi.co/api/v2/version-group/18/'}, 'move_learn_method': {'name': 'machine', 'url': 'https://pokeapi.co/api/v2/move-learn-method/4/'}, 'order': None}, {'level_learned_at': 0, 'version_group': {'name': 'lets-go-pikachu-lets-go-eevee', 'url': 'https://pokeapi.co/api/v2/version-group/19/'}, 'move_learn_method': {'name': 'machine', 'url': 'https://pokeapi.co/api/v2/move-learn-method/4/'}, 'order': None}, {'level_learned_at': 0, 'version_group': {'name': 'sword-shield', 'url': 'https://pokeapi.co/api/v2/version-group/20/'}, 'move_learn_method': {'name': 'machine', 'url': 'https://pokeapi.co/api/v2/move-learn-method/4/'}, 'order': None}, {'level_learned_at': 0, 'version_group': {'name': 'brilliant-diamond-shining-pearl', 'url': 'https://pokeapi.co/api/v2/version-group/23/'}, 'move_learn_method': {'name': 'machine', 'url': 'https://pokeapi.co/api/v2/move-learn-method/4/'}, 'order': None}, {'level_learned_at': 0, 'version_group': {'name': 'scarlet-violet', 'url': 'https://pokeapi.co/api/v2/version-group/25/'}, 'move_learn_method': {'name': 'machine', 'url': 'https://pokeapi.co/api/v2/move-learn-method/4/'}, 'order': None}, {'level_learned_at': 0, 'version_group': {'name': 'red-green-japan', 'url': 'https://pokeapi.co/api/v2/version-group/28/'}, 'move_learn_method': {'name': 'machine', 'url': 'https://pokeapi.co/api/v2/move-learn-method/4/'}, 'order': None}, {'level_learned_at': 0, 'version_group': {'name': 'blue-japan', 'url': 'https://pokeapi.co/api/v2/version-group/29/'}, 'move_learn_method': {'name': 'machine', 'url': 'https://pokeapi.co/api/v2/move-learn-method/4/'}, 'order': None}]}, {'move': {'name': 'substitute', 'url': 'https://pokeapi.co/api/v2/move/164/'}, 'version_group_details': [{'level_learned_at': 0, 'version_group': {'name': 'red-blue', 'url': 'https://pokeapi.co/api/v2/version-group/1/'}, 'move_learn_method': {'name': 'machine', 'url': 'https://pokeapi.co/api/v2/move-learn-method/4/'}, 'order': None}, {'level_learned_at': 0, 'version_group': {'name': 'yellow', 'url': 'https://pokeapi.co/api/v2/version-group/2/'}, 'move_learn_method': {'name': 'machine', 'url': 'https://pokeapi.co/api/v2/move-learn-method/4/'}, 'order': None}, {'level_learned_at': 0, 'version_group': {'name': 'emerald', 'url': 'https://pokeapi.co/api/v2/version-group/6/'}, 'move_learn_method': {'name': 'tutor', 'url': 'https://pokeapi.co/api/v2/move-learn-method/3/'}, 'order': None}, {'level_learned_at': 0, 'version_group': {'name': 'firered-leafgreen', 'url': 'https://pokeapi.co/api/v2/version-group/7/'}, 'move_learn_method': {'name': 'tutor', 'url': 'https://pokeapi.co/api/v2/move-learn-method/3/'}, 'order': None}, {'level_learned_at': 0, 'version_group': {'name': 'diamond-pearl', 'url': 'https://pokeapi.co/api/v2/version-group/8/'}, 'move_learn_method': {'name': 'machine', 'url': 'https://pokeapi.co/api/v2/move-learn-method/4/'}, 'order': None}, {'level_learned_at': 0, 'version_group': {'name': 'platinum', 'url': 'https://pokeapi.co/api/v2/version-group/9/'}, 'move_learn_method': {'name': 'machine', 'url': 'https://pokeapi.co/api/v2/move-learn-method/4/'}, 'order': None}, {'level_learned_at': 0, 'version_group': {'name': 'heartgold-soulsilver', 'url': 'https://pokeapi.co/api/v2/version-group/10/'}, 'move_learn_method': {'name': 'machine', 'url': 'https://pokeapi.co/api/v2/move-learn-method/4/'}, 'order': None}, {'level_learned_at': 0, 'version_group': {'name': 'black-white', 'url': 'https://pokeapi.co/api/v2/version-group/11/'}, 'move_learn_method': {'name': 'machine', 'url': 'https://pokeapi.co/api/v2/move-learn-method/4/'}, 'order': None}, {'level_learned_at': 0, 'version_group': {'name': 'xd', 'url': 'https://pokeapi.co/api/v2/version-group/13/'}, 'move_learn_method': {'name': 'tutor', 'url': 'https://pokeapi.co/api/v2/move-learn-method/3/'}, 'order': None}, {'level_learned_at': 0, 'version_group': {'name': 'black-2-white-2', 'url': 'https://pokeapi.co/api/v2/version-group/14/'}, 'move_learn_method': {'name': 'machine', 'url': 'https://pokeapi.co/api/v2/move-learn-method/4/'}, 'order': None}, {'level_learned_at': 0, 'version_group': {'name': 'x-y', 'url': 'https://pokeapi.co/api/v2/version-group/15/'}, 'move_learn_method': {'name': 'machine', 'url': 'https://pokeapi.co/api/v2/move-learn-method/4/'}, 'order': None}, {'level_learned_at': 0, 'version_group': {'name': 'omega-ruby-alpha-sapphire', 'url': 'https://pokeapi.co/api/v2/version-group/16/'}, 'move_learn_method': {'name': 'machine', 'url': 'https://pokeapi.co/api/v2/move-learn-method/4/'}, 'order': None}, {'level_learned_at': 0, 'version_group': {'name': 'sun-moon', 'url': 'https://pokeapi.co/api/v2/version-group/17/'}, 'move_learn_method': {'name': 'machine', 'url': 'https://pokeapi.co/api/v2/move-learn-method/4/'}, 'order': None}, {'level_learned_at': 0, 'version_group': {'name': 'ultra-sun-ultra-moon', 'url': 'https://pokeapi.co/api/v2/version-group/18/'}, 'move_learn_method': {'name': 'machine', 'url': 'https://pokeapi.co/api/v2/move-learn-method/4/'}, 'order': None}, {'level_learned_at': 0, 'version_group': {'name': 'lets-go-pikachu-lets-go-eevee', 'url': 'https://pokeapi.co/api/v2/version-group/19/'}, 'move_learn_method': {'name': 'machine', 'url': 'https://pokeapi.co/api/v2/move-learn-method/4/'}, 'order': None}, {'level_learned_at': 0, 'version_group': {'name': 'sword-shield', 'url': 'https://pokeapi.co/api/v2/version-group/20/'}, 'move_learn_method': {'name': 'machine', 'url': 'https://pokeapi.co/api/v2/move-learn-method/4/'}, 'order': None}, {'level_learned_at': 0, 'version_group': {'name': 'brilliant-diamond-shining-pearl', 'url': 'https://pokeapi.co/api/v2/version-group/23/'}, 'move_learn_method': {'name': 'machine', 'url': 'https://pokeapi.co/api/v2/move-learn-method/4/'}, 'order': None}, {'level_learned_at': 0, 'version_group': {'name': 'scarlet-violet', 'url': 'https://pokeapi.co/api/v2/version-group/25/'}, 'move_learn_method': {'name': 'machine', 'url': 'https://pokeapi.co/api/v2/move-learn-method/4/'}, 'order': None}, {'level_learned_at': 0, 'version_group': {'name': 'red-green-japan', 'url': 'https://pokeapi.co/api/v2/version-group/28/'}, 'move_learn_method': {'name': 'machine', 'url': 'https://pokeapi.co/api/v2/move-learn-method/4/'}, 'order': None}, {'level_learned_at': 0, 'version_group': {'name': 'blue-japan', 'url': 'https://pokeapi.co/api/v2/version-group/29/'}, 'move_learn_method': {'name': 'machine', 'url': 'https://pokeapi.co/api/v2/move-learn-method/4/'}, 'order': None}]}, {'move': {'name': 'snore', 'url': 'https://pokeapi.co/api/v2/move/173/'}, 'version_group_details': [{'level_learned_at': 0, 'version_group': {'name': 'gold-silver', 'url': 'https://pokeapi.co/api/v2/version-group/3/'}, 'move_learn_method': {'name': 'machine', 'url': 'https://pokeapi.co/api/v2/move-learn-method/4/'}, 'order': None}, {'level_learned_at': 0, 'version_group': {'name': 'crystal', 'url': 'https://pokeapi.co/api/v2/version-group/4/'}, 'move_learn_method': {'name': 'machine', 'url': 'https://pokeapi.co/api/v2/move-learn-method/4/'}, 'order': None}, {'level_learned_at': 0, 'version_group': {'name': 'emerald', 'url': 'https://pokeapi.co/api/v2/version-group/6/'}, 'move_learn_method': {'name': 'tutor', 'url': 'https://pokeapi.co/api/v2/move-learn-method/3/'}, 'order': None}, {'level_learned_at': 0, 'version_group': {'name': 'platinum', 'url': 'https://pokeapi.co/api/v2/version-group/9/'}, 'move_learn_method': {'name': 'tutor', 'url': 'https://pokeapi.co/api/v2/move-learn-method/3/'}, 'order': None}, {'level_learned_at': 0, 'version_group': {'name': 'heartgold-soulsilver', 'url': 'https://pokeapi.co/api/v2/version-group/10/'}, 'move_learn_method': {'name': 'tutor', 'url': 'https://pokeapi.co/api/v2/move-learn-method/3/'}, 'order': None}, {'level_learned_at': 0, 'version_group': {'name': 'black-2-white-2', 'url': 'https://pokeapi.co/api/v2/version-group/14/'}, 'move_learn_method': {'name': 'tutor', 'url': 'https://pokeapi.co/api/v2/move-learn-method/3/'}, 'order': None}, {'level_learned_at': 0, 'version_group': {'name': 'omega-ruby-alpha-sapphire', 'url': 'https://pokeapi.co/api/v2/version-group/16/'}, 'move_learn_method': {'name': 'tutor', 'url': 'https://pokeapi.co/api/v2/move-learn-method/3/'}, 'order': None}, {'level_learned_at': 0, 'version_group': {'name': 'ultra-sun-ultra-moon', 'url': 'https://pokeapi.co/api/v2/version-group/18/'}, 'move_learn_method': {'name': 'tutor', 'url': 'https://pokeapi.co/api/v2/move-learn-method/3/'}, 'order': None}, {'level_learned_at': 0, 'version_group': {'name': 'sword-shield', 'url': 'https://pokeapi.co/api/v2/version-group/20/'}, 'move_learn_method': {'name': 'machine', 'url': 'https://pokeapi.co/api/v2/move-learn-method/4/'}, 'order': None}]}, {'move': {'name': 'curse', 'url': 'https://pokeapi.co/api/v2/move/174/'}, 'version_group_details': [{'level_learned_at': 0, 'version_group': {'name': 'gold-silver', 'url': 'https://pokeapi.co/api/v2/version-group/3/'}, 'move_learn_method': {'name': 'machine', 'url': 'https://pokeapi.co/api/v2/move-learn-method/4/'}, 'order': None}, {'level_learned_at': 0, 'version_group': {'name': 'crystal', 'url': 'https://pokeapi.co/api/v2/version-group/4/'}, 'move_learn_method': {'name': 'machine', 'url': 'https://pokeapi.co/api/v2/move-learn-method/4/'}, 'order': None}, {'level_learned_at': 0, 'version_group': {'name': 'ruby-sapphire', 'url': 'https://pokeapi.co/api/v2/version-group/5/'}, 'move_learn_method': {'name': 'egg', 'url': 'https://pokeapi.co/api/v2/move-learn-method/2/'}, 'order': None}, {'level_learned_at': 0, 'version_group': {'name': 'emerald', 'url': 'https://pokeapi.co/api/v2/version-group/6/'}, 'move_learn_method': {'name': 'egg', 'url': 'https://pokeapi.co/api/v2/move-learn-method/2/'}, 'order': None}, {'level_learned_at': 0, 'version_group': {'name': 'firered-leafgreen', 'url': 'https://pokeapi.co/api/v2/version-group/7/'}, 'move_learn_method': {'name': 'egg', 'url': 'https://pokeapi.co/api/v2/move-learn-method/2/'}, 'order': None}, {'level_learned_at': 0, 'version_group': {'name': 'diamond-pearl', 'url': 'https://pokeapi.co/api/v2/version-group/8/'}, 'move_learn_method': {'name': 'egg', 'url': 'https://pokeapi.co/api/v2/move-learn-method/2/'}, 'order': None}, {'level_learned_at': 0, 'version_group': {'name': 'platinum', 'url': 'https://pokeapi.co/api/v2/version-group/9/'}, 'move_learn_method': {'name': 'egg', 'url': 'https://pokeapi.co/api/v2/move-learn-method/2/'}, 'order': None}, {'level_learned_at': 0, 'version_group': {'name': 'heartgold-soulsilver', 'url': 'https://pokeapi.co/api/v2/version-group/10/'}, 'move_learn_method': {'name': 'egg', 'url': 'https://pokeapi.co/api/v2/move-learn-method/2/'}, 'order': None}, {'level_learned_at': 0, 'version_group': {'name': 'black-white', 'url': 'https://pokeapi.co/api/v2/version-group/11/'}, 'move_learn_method': {'name': 'egg', 'url': 'https://pokeapi.co/api/v2/move-learn-method/2/'}, 'order': None}, {'level_learned_at': 0, 'version_group': {'name': 'black-2-white-2', 'url': 'https://pokeapi.co/api/v2/version-group/14/'}, 'move_learn_method': {'name': 'egg', 'url': 'https://pokeapi.co/api/v2/move-learn-method/2/'}, 'order': None}, {'level_learned_at': 0, 'version_group': {'name': 'x-y', 'url': 'https://pokeapi.co/api/v2/version-group/15/'}, 'move_learn_method': {'name': 'egg', 'url': 'https://pokeapi.co/api/v2/move-learn-method/2/'}, 'order': None}, {'level_learned_at': 0, 'version_group': {'name': 'omega-ruby-alpha-sapphire', 'url': 'https://pokeapi.co/api/v2/version-group/16/'}, 'move_learn_method': {'name': 'egg', 'url': 'https://pokeapi.co/api/v2/move-learn-method/2/'}, 'order': None}, {'level_learned_at': 0, 'version_group': {'name': 'sun-moon', 'url': 'https://pokeapi.co/api/v2/version-group/17/'}, 'move_learn_method': {'name': 'egg', 'url': 'https://pokeapi.co/api/v2/move-learn-method/2/'}, 'order': None}, {'level_learned_at': 0, 'version_group': {'name': 'ultra-sun-ultra-moon', 'url': 'https://pokeapi.co/api/v2/version-group/18/'}, 'move_learn_method': {'name': 'egg', 'url': 'https://pokeapi.co/api/v2/move-learn-method/2/'}, 'order': None}, {'level_learned_at': 0, 'version_group': {'name': 'sword-shield', 'url': 'https://pokeapi.co/api/v2/version-group/20/'}, 'move_learn_method': {'name': 'egg', 'url': 'https://pokeapi.co/api/v2/move-learn-method/2/'}, 'order': None}, {'level_learned_at': 0, 'version_group': {'name': 'brilliant-diamond-shining-pearl', 'url': 'https://pokeapi.co/api/v2/version-group/23/'}, 'move_learn_method': {'name': 'egg', 'url': 'https://pokeapi.co/api/v2/move-learn-method/2/'}, 'order': None}, {'level_learned_at': 0, 'version_group': {'name': 'scarlet-violet', 'url': 'https://pokeapi.co/api/v2/version-group/25/'}, 'move_learn_method': {'name': 'egg', 'url': 'https://pokeapi.co/api/v2/move-learn-method/2/'}, 'order': None}, {'level_learned_at': 0, 'version_group': {'name': 'scarlet-violet', 'url': 'https://pokeapi.co/api/v2/version-group/25/'}, 'move_learn_method': {'name': 'machine', 'url': 'https://pokeapi.co/api/v2/move-learn-method/4/'}, 'order': None}]}, {'move': {'name': 'protect', 'url': 'https://pokeapi.co/api/v2/move/182/'}, 'version_group_details': [{'level_learned_at': 0, 'version_group': {'name': 'gold-silver', 'url': 'https://pokeapi.co/api/v2/version-group/3/'}, 'move_learn_method': {'name': 'machine', 'url': 'https://pokeapi.co/api/v2/move-learn-method/4/'}, 'order': None}, {'level_learned_at': 0, 'version_group': {'name': 'crystal', 'url': 'https://pokeapi.co/api/v2/version-group/4/'}, 'move_learn_method': {'name': 'machine', 'url': 'https://pokeapi.co/api/v2/move-learn-method/4/'}, 'order': None}, {'level_learned_at': 0, 'version_group': {'name': 'ruby-sapphire', 'url': 'https://pokeapi.co/api/v2/version-group/5/'}, 'move_learn_method': {'name': 'machine', 'url': 'https://pokeapi.co/api/v2/move-learn-method/4/'}, 'order': None}, {'level_learned_at': 0, 'version_group': {'name': 'emerald', 'url': 'https://pokeapi.co/api/v2/version-group/6/'}, 'move_learn_method': {'name': 'machine', 'url': 'https://pokeapi.co/api/v2/move-learn-method/4/'}, 'order': None}, {'level_learned_at': 0, 'version_group': {'name': 'firered-leafgreen', 'url': 'https://pokeapi.co/api/v2/version-group/7/'}, 'move_learn_method': {'name': 'machine', 'url': 'https://pokeapi.co/api/v2/move-learn-method/4/'}, 'order': None}, {'level_learned_at': 0, 'version_group': {'name': 'diamond-pearl', 'url': 'https://pokeapi.co/api/v2/version-group/8/'}, 'move_learn_method': {'name': 'machine', 'url': 'https://pokeapi.co/api/v2/move-learn-method/4/'}, 'order': None}, {'level_learned_at': 0, 'version_group': {'name': 'platinum', 'url': 'https://pokeapi.co/api/v2/version-group/9/'}, 'move_learn_method': {'name': 'machine', 'url': 'https://pokeapi.co/api/v2/move-learn-method/4/'}, 'order': None}, {'level_learned_at': 0, 'version_group': {'name': 'heartgold-soulsilver', 'url': 'https://pokeapi.co/api/v2/version-group/10/'}, 'move_learn_method': {'name': 'machine', 'url': 'https://pokeapi.co/api/v2/move-learn-method/4/'}, 'order': None}, {'level_learned_at': 0, 'version_group': {'name': 'black-white', 'url': 'https://pokeapi.co/api/v2/version-group/11/'}, 'move_learn_method': {'name': 'machine', 'url': 'https://pokeapi.co/api/v2/move-learn-method/4/'}, 'order': None}, {'level_learned_at': 0, 'version_group': {'name': 'colosseum', 'url': 'https://pokeapi.co/api/v2/version-group/12/'}, 'move_learn_method': {'name': 'machine', 'url': 'https://pokeapi.co/api/v2/move-learn-method/4/'}, 'order': None}, {'level_learned_at': 0, 'version_group': {'name': 'xd', 'url': 'https://pokeapi.co/api/v2/version-group/13/'}, 'move_learn_method': {'name': 'machine', 'url': 'https://pokeapi.co/api/v2/move-learn-method/4/'}, 'order': None}, {'level_learned_at': 0, 'version_group': {'name': 'black-2-white-2', 'url': 'https://pokeapi.co/api/v2/version-group/14/'}, 'move_learn_method': {'name': 'machine', 'url': 'https://pokeapi.co/api/v2/move-learn-method/4/'}, 'order': None}, {'level_learned_at': 0, 'version_group': {'name': 'x-y', 'url': 'https://pokeapi.co/api/v2/version-group/15/'}, 'move_learn_method': {'name': 'machine', 'url': 'https://pokeapi.co/api/v2/move-learn-method/4/'}, 'order': None}, {'level_learned_at': 0, 'version_group': {'name': 'omega-ruby-alpha-sapphire', 'url': 'https://pokeapi.co/api/v2/version-group/16/'}, 'move_learn_method': {'name': 'machine', 'url': 'https://pokeapi.co/api/v2/move-learn-method/4/'}, 'order': None}, {'level_learned_at': 0, 'version_group': {'name': 'sun-moon', 'url': 'https://pokeapi.co/api/v2/version-group/17/'}, 'move_learn_method': {'name': 'machine', 'url': 'https://pokeapi.co/api/v2/move-learn-method/4/'}, 'order': None}, {'level_learned_at': 0, 'version_group': {'name': 'ultra-sun-ultra-moon', 'url': 'https://pokeapi.co/api/v2/version-group/18/'}, 'move_learn_method': {'name': 'machine', 'url': 'https://pokeapi.co/api/v2/move-learn-method/4/'}, 'order': None}, {'level_learned_at': 0, 'version_group': {'name': 'lets-go-pikachu-lets-go-eevee', 'url': 'https://pokeapi.co/api/v2/version-group/19/'}, 'move_learn_method': {'name': 'machine', 'url': 'https://pokeapi.co/api/v2/move-learn-method/4/'}, 'order': None}, {'level_learned_at': 0, 'version_group': {'name': 'sword-shield', 'url': 'https://pokeapi.co/api/v2/version-group/20/'}, 'move_learn_method': {'name': 'machine', 'url': 'https://pokeapi.co/api/v2/move-learn-method/4/'}, 'order': None}, {'level_learned_at': 0, 'version_group': {'name': 'brilliant-diamond-shining-pearl', 'url': 'https://pokeapi.co/api/v2/version-group/23/'}, 'move_learn_method': {'name': 'machine', 'url': 'https://pokeapi.co/api/v2/move-learn-method/4/'}, 'order': None}, {'level_learned_at': 0, 'version_group': {'name': 'scarlet-violet', 'url': 'https://pokeapi.co/api/v2/version-group/25/'}, 'move_learn_method': {'name': 'machine', 'url': 'https://pokeapi.co/api/v2/move-learn-method/4/'}, 'order': None}]}, {'move': {'name': 'sludge-bomb', 'url': 'https://pokeapi.co/api/v2/move/188/'}, 'version_group_details': [{'level_learned_at': 0, 'version_group': {'name': 'ruby-sapphire', 'url': 'https://pokeapi.co/api/v2/version-group/5/'}, 'move_learn_method': {'name': 'machine', 'url': 'https://pokeapi.co/api/v2/move-learn-method/4/'}, 'order': None}, {'level_learned_at': 0, 'version_group': {'name': 'emerald', 'url': 'https://pokeapi.co/api/v2/version-group/6/'}, 'move_learn_method': {'name': 'machine', 'url': 'https://pokeapi.co/api/v2/move-learn-method/4/'}, 'order': None}, {'level_learned_at': 0, 'version_group': {'name': 'firered-leafgreen', 'url': 'https://pokeapi.co/api/v2/version-group/7/'}, 'move_learn_method': {'name': 'machine', 'url': 'https://pokeapi.co/api/v2/move-learn-method/4/'}, 'order': None}, {'level_learned_at': 0, 'version_group': {'name': 'diamond-pearl', 'url': 'https://pokeapi.co/api/v2/version-group/8/'}, 'move_learn_method': {'name': 'machine', 'url': 'https://pokeapi.co/api/v2/move-learn-method/4/'}, 'order': None}, {'level_learned_at': 0, 'version_group': {'name': 'platinum', 'url': 'https://pokeapi.co/api/v2/version-group/9/'}, 'move_learn_method': {'name': 'machine', 'url': 'https://pokeapi.co/api/v2/move-learn-method/4/'}, 'order': None}, {'level_learned_at': 0, 'version_group': {'name': 'heartgold-soulsilver', 'url': 'https://pokeapi.co/api/v2/version-group/10/'}, 'move_learn_method': {'name': 'machine', 'url': 'https://pokeapi.co/api/v2/move-learn-method/4/'}, 'order': None}, {'level_learned_at': 0, 'version_group': {'name': 'black-white', 'url': 'https://pokeapi.co/api/v2/version-group/11/'}, 'move_learn_method': {'name': 'machine', 'url': 'https://pokeapi.co/api/v2/move-learn-method/4/'}, 'order': None}, {'level_learned_at': 0, 'version_group': {'name': 'colosseum', 'url': 'https://pokeapi.co/api/v2/version-group/12/'}, 'move_learn_method': {'name': 'machine', 'url': 'https://pokeapi.co/api/v2/move-learn-method/4/'}, 'order': None}, {'level_learned_at': 0, 'version_group': {'name': 'xd', 'url': 'https://pokeapi.co/api/v2/version-group/13/'}, 'move_learn_method': {'name': 'machine', 'url': 'https://pokeapi.co/api/v2/move-learn-method/4/'}, 'order': None}, {'level_learned_at': 0, 'version_group': {'name': 'black-2-white-2', 'url': 'https://pokeapi.co/api/v2/version-group/14/'}, 'move_learn_method': {'name': 'machine', 'url': 'https://pokeapi.co/api/v2/move-learn-method/4/'}, 'order': None}, {'level_learned_at': 0, 'version_group': {'name': 'x-y', 'url': 'https://pokeapi.co/api/v2/version-group/15/'}, 'move_learn_method': {'name': 'machine', 'url': 'https://pokeapi.co/api/v2/move-learn-method/4/'}, 'order': None}, {'level_learned_at': 0, 'version_group': {'name': 'omega-ruby-alpha-sapphire', 'url': 'https://pokeapi.co/api/v2/version-group/16/'}, 'move_learn_method': {'name': 'machine', 'url': 'https://pokeapi.co/api/v2/move-learn-method/4/'}, 'order': None}, {'level_learned_at': 0, 'version_group': {'name': 'sun-moon', 'url': 'https://pokeapi.co/api/v2/version-group/17/'}, 'move_learn_method': {'name': 'machine', 'url': 'https://pokeapi.co/api/v2/move-learn-method/4/'}, 'order': None}, {'level_learned_at': 0, 'version_group': {'name': 'ultra-sun-ultra-moon', 'url': 'https://pokeapi.co/api/v2/version-group/18/'}, 'move_learn_method': {'name': 'machine', 'url': 'https://pokeapi.co/api/v2/move-learn-method/4/'}, 'order': None}, {'level_learned_at': 0, 'version_group': {'name': 'lets-go-pikachu-lets-go-eevee', 'url': 'https://pokeapi.co/api/v2/version-group/19/'}, 'move_learn_method': {'name': 'machine', 'url': 'https://pokeapi.co/api/v2/move-learn-method/4/'}, 'order': None}, {'level_learned_at': 0, 'version_group': {'name': 'sword-shield', 'url': 'https://pokeapi.co/api/v2/version-group/20/'}, 'move_learn_method': {'name': 'machine', 'url': 'https://pokeapi.co/api/v2/move-learn-method/4/'}, 'order': None}, {'level_learned_at': 0, 'version_group': {'name': 'brilliant-diamond-shining-pearl', 'url': 'https://pokeapi.co/api/v2/version-group/23/'}, 'move_learn_method': {'name': 'machine', 'url': 'https://pokeapi.co/api/v2/move-learn-method/4/'}, 'order': None}, {'level_learned_at': 0, 'version_group': {'name': 'scarlet-violet', 'url': 'https://pokeapi.co/api/v2/version-group/25/'}, 'move_learn_method': {'name': 'machine', 'url': 'https://pokeapi.co/api/v2/move-learn-method/4/'}, 'order': None}]}, {'move': {'name': 'mud-slap', 'url': 'https://pokeapi.co/api/v2/move/189/'}, 'version_group_details': [{'level_learned_at': 0, 'version_group': {'name': 'gold-silver', 'url': 'https://pokeapi.co/api/v2/version-group/3/'}, 'move_learn_method': {'name': 'machine', 'url': 'https://pokeapi.co/api/v2/move-learn-method/4/'}, 'order': None}, {'level_learned_at': 0, 'version_group': {'name': 'crystal', 'url': 'https://pokeapi.co/api/v2/version-group/4/'}, 'move_learn_method': {'name': 'machine', 'url': 'https://pokeapi.co/api/v2/move-learn-method/4/'}, 'order': None}, {'level_learned_at': 0, 'version_group': {'name': 'emerald', 'url': 'https://pokeapi.co/api/v2/version-group/6/'}, 'move_learn_method': {'name': 'tutor', 'url': 'https://pokeapi.co/api/v2/move-learn-method/3/'}, 'order': None}, {'level_learned_at': 0, 'version_group': {'name': 'platinum', 'url': 'https://pokeapi.co/api/v2/version-group/9/'}, 'move_learn_method': {'name': 'tutor', 'url': 'https://pokeapi.co/api/v2/move-learn-method/3/'}, 'order': None}, {'level_learned_at': 0, 'version_group': {'name': 'heartgold-soulsilver', 'url': 'https://pokeapi.co/api/v2/version-group/10/'}, 'move_learn_method': {'name': 'tutor', 'url': 'https://pokeapi.co/api/v2/move-learn-method/3/'}, 'order': None}]}, {'move': {'name': 'outrage', 'url': 'https://pokeapi.co/api/v2/move/200/'}, 'version_group_details': [{'level_learned_at': 0, 'version_group': {'name': 'lets-go-pikachu-lets-go-eevee', 'url': 'https://pokeapi.co/api/v2/version-group/19/'}, 'move_learn_method': {'name': 'machine', 'url': 'https://pokeapi.co/api/v2/move-learn-method/4/'}, 'order': None}]}, {'move': {'name': 'giga-drain', 'url': 'https://pokeapi.co/api/v2/move/202/'}, 'version_group_details': [{'level_learned_at': 0, 'version_group': {'name': 'gold-silver', 'url': 'https://pokeapi.co/api/v2/version-group/3/'}, 'move_learn_method': {'name': 'machine', 'url': 'https://pokeapi.co/api/v2/move-learn-method/4/'}, 'order': None}, {'level_learned_at': 0, 'version_group': {'name': 'crystal', 'url': 'https://pokeapi.co/api/v2/version-group/4/'}, 'move_learn_method': {'name': 'machine', 'url': 'https://pokeapi.co/api/v2/move-learn-method/4/'}, 'order': None}, {'level_learned_at': 0, 'version_group': {'name': 'ruby-sapphire', 'url': 'https://pokeapi.co/api/v2/version-group/5/'}, 'move_learn_method': {'name': 'machine', 'url': 'https://pokeapi.co/api/v2/move-learn-method/4/'}, 'order': None}, {'level_learned_at': 0, 'version_group': {'name': 'emerald', 'url': 'https://pokeapi.co/api/v2/version-group/6/'}, 'move_learn_method': {'name': 'machine', 'url': 'https://pokeapi.co/api/v2/move-learn-method/4/'}, 'order': None}, {'level_learned_at': 0, 'version_group': {'name': 'firered-leafgreen', 'url': 'https://pokeapi.co/api/v2/version-group/7/'}, 'move_learn_method': {'name': 'machine', 'url': 'https://pokeapi.co/api/v2/move-learn-method/4/'}, 'order': None}, {'level_learned_at': 0, 'version_group': {'name': 'diamond-pearl', 'url': 'https://pokeapi.co/api/v2/version-group/8/'}, 'move_learn_method': {'name': 'machine', 'url': 'https://pokeapi.co/api/v2/move-learn-method/4/'}, 'order': None}, {'level_learned_at': 0, 'version_group': {'name': 'platinum', 'url': 'https://pokeapi.co/api/v2/version-group/9/'}, 'move_learn_method': {'name': 'machine', 'url': 'https://pokeapi.co/api/v2/move-learn-method/4/'}, 'order': None}, {'level_learned_at': 0, 'version_group': {'name': 'heartgold-soulsilver', 'url': 'https://pokeapi.co/api/v2/version-group/10/'}, 'move_learn_method': {'name': 'machine', 'url': 'https://pokeapi.co/api/v2/move-learn-method/4/'}, 'order': None}, {'level_learned_at': 0, 'version_group': {'name': 'black-white', 'url': 'https://pokeapi.co/api/v2/version-group/11/'}, 'move_learn_method': {'name': 'egg', 'url': 'https://pokeapi.co/api/v2/move-learn-method/2/'}, 'order': None}, {'level_learned_at': 0, 'version_group': {'name': 'colosseum', 'url': 'https://pokeapi.co/api/v2/version-group/12/'}, 'move_learn_method': {'name': 'machine', 'url': 'https://pokeapi.co/api/v2/move-learn-method/4/'}, 'order': None}, {'level_learned_at': 0, 'version_group': {'name': 'xd', 'url': 'https://pokeapi.co/api/v2/version-group/13/'}, 'move_learn_method': {'name': 'machine', 'url': 'https://pokeapi.co/api/v2/move-learn-method/4/'}, 'order': None}, {'level_learned_at': 0, 'version_group': {'name': 'black-2-white-2', 'url': 'https://pokeapi.co/api/v2/version-group/14/'}, 'move_learn_method': {'name': 'egg', 'url': 'https://pokeapi.co/api/v2/move-learn-method/2/'}, 'order': None}, {'level_learned_at': 0, 'version_group': {'name': 'black-2-white-2', 'url': 'https://pokeapi.co/api/v2/version-group/14/'}, 'move_learn_method': {'name': 'tutor', 'url': 'https://pokeapi.co/api/v2/move-learn-method/3/'}, 'order': None}, {'level_learned_at': 0, 'version_group': {'name': 'x-y', 'url': 'https://pokeapi.co/api/v2/version-group/15/'}, 'move_learn_method': {'name': 'egg', 'url': 'https://pokeapi.co/api/v2/move-learn-method/2/'}, 'order': None}, {'level_learned_at': 0, 'version_group': {'name': 'omega-ruby-alpha-sapphire', 'url': 'https://pokeapi.co/api/v2/version-group/16/'}, 'move_learn_method': {'name': 'egg', 'url': 'https://pokeapi.co/api/v2/move-learn-method/2/'}, 'order': None}, {'level_learned_at': 0, 'version_group': {'name': 'omega-ruby-alpha-sapphire', 'url': 'https://pokeapi.co/api/v2/version-group/16/'}, 'move_learn_method': {'name': 'tutor', 'url': 'https://pokeapi.co/api/v2/move-learn-method/3/'}, 'order': None}, {'level_learned_at': 0, 'version_group': {'name': 'sun-moon', 'url': 'https://pokeapi.co/api/v2/version-group/17/'}, 'move_learn_method': {'name': 'egg', 'url': 'https://pokeapi.co/api/v2/move-learn-method/2/'}, 'order': None}, {'level_learned_at': 0, 'version_group': {'name': 'ultra-sun-ultra-moon', 'url': 'https://pokeapi.co/api/v2/version-group/18/'}, 'move_learn_method': {'name': 'egg', 'url': 'https://pokeapi.co/api/v2/move-learn-method/2/'}, 'order': None}, {'level_learned_at': 0, 'version_group': {'name': 'ultra-sun-ultra-moon', 'url': 'https://pokeapi.co/api/v2/version-group/18/'}, 'move_learn_method': {'name': 'tutor', 'url': 'https://pokeapi.co/api/v2/move-learn-method/3/'}, 'order': None}, {'level_learned_at': 0, 'version_group': {'name': 'sword-shield', 'url': 'https://pokeapi.co/api/v2/version-group/20/'}, 'move_learn_method': {'name': 'machine', 'url': 'https://pokeapi.co/api/v2/move-learn-method/4/'}, 'order': None}, {'level_learned_at': 0, 'version_group': {'name': 'brilliant-diamond-shining-pearl', 'url': 'https://pokeapi.co/api/v2/version-group/23/'}, 'move_learn_method': {'name': 'machine', 'url': 'https://pokeapi.co/api/v2/move-learn-method/4/'}, 'order': None}, {'level_learned_at': 0, 'version_group': {'name': 'scarlet-violet', 'url': 'https://pokeapi.co/api/v2/version-group/25/'}, 'move_learn_method': {'name': 'machine', 'url': 'https://pokeapi.co/api/v2/move-learn-method/4/'}, 'order': None}]}, {'move': {'name': 'endure', 'url': 'https://pokeapi.co/api/v2/move/203/'}, 'version_group_details': [{'level_learned_at': 0, 'version_group': {'name': 'gold-silver', 'url': 'https://pokeapi.co/api/v2/version-group/3/'}, 'move_learn_method': {'name': 'machine', 'url': 'https://pokeapi.co/api/v2/move-learn-method/4/'}, 'order': None}, {'level_learned_at': 0, 'version_group': {'name': 'crystal', 'url': 'https://pokeapi.co/api/v2/version-group/4/'}, 'move_learn_method': {'name': 'machine', 'url': 'https://pokeapi.co/api/v2/move-learn-method/4/'}, 'order': None}, {'level_learned_at': 0, 'version_group': {'name': 'emerald', 'url': 'https://pokeapi.co/api/v2/version-group/6/'}, 'move_learn_method': {'name': 'tutor', 'url': 'https://pokeapi.co/api/v2/move-learn-method/3/'}, 'order': None}, {'level_learned_at': 0, 'version_group': {'name': 'diamond-pearl', 'url': 'https://pokeapi.co/api/v2/version-group/8/'}, 'move_learn_method': {'name': 'machine', 'url': 'https://pokeapi.co/api/v2/move-learn-method/4/'}, 'order': None}, {'level_learned_at': 0, 'version_group': {'name': 'platinum', 'url': 'https://pokeapi.co/api/v2/version-group/9/'}, 'move_learn_method': {'name': 'machine', 'url': 'https://pokeapi.co/api/v2/move-learn-method/4/'}, 'order': None}, {'level_learned_at': 0, 'version_group': {'name': 'heartgold-soulsilver', 'url': 'https://pokeapi.co/api/v2/version-group/10/'}, 'move_learn_method': {'name': 'machine', 'url': 'https://pokeapi.co/api/v2/move-learn-method/4/'}, 'order': None}, {'level_learned_at': 0, 'version_group': {'name': 'black-white', 'url': 'https://pokeapi.co/api/v2/version-group/11/'}, 'move_learn_method': {'name': 'egg', 'url': 'https://pokeapi.co/api/v2/move-learn-method/2/'}, 'order': None}, {'level_learned_at': 0, 'version_group': {'name': 'black-2-white-2', 'url': 'https://pokeapi.co/api/v2/version-group/14/'}, 'move_learn_method': {'name': 'egg', 'url': 'https://pokeapi.co/api/v2/move-learn-method/2/'}, 'order': None}, {'level_learned_at': 0, 'version_group': {'name': 'x-y', 'url': 'https://pokeapi.co/api/v2/version-group/15/'}, 'move_learn_method': {'name': 'egg', 'url': 'https://pokeapi.co/api/v2/move-learn-method/2/'}, 'order': None}, {'level_learned_at': 0, 'version_group': {'name': 'omega-ruby-alpha-sapphire', 'url': 'https://pokeapi.co/api/v2/version-group/16/'}, 'move_learn_method': {'name': 'egg', 'url': 'https://pokeapi.co/api/v2/move-learn-method/2/'}, 'order': None}, {'level_learned_at': 0, 'version_group': {'name': 'sun-moon', 'url': 'https://pokeapi.co/api/v2/version-group/17/'}, 'move_learn_method': {'name': 'egg', 'url': 'https://pokeapi.co/api/v2/move-learn-method/2/'}, 'order': None}, {'level_learned_at': 0, 'version_group': {'name': 'ultra-sun-ultra-moon', 'url': 'https://pokeapi.co/api/v2/version-group/18/'}, 'move_learn_method': {'name': 'egg', 'url': 'https://pokeapi.co/api/v2/move-learn-method/2/'}, 'order': None}, {'level_learned_at': 0, 'version_group': {'name': 'sword-shield', 'url': 'https://pokeapi.co/api/v2/version-group/20/'}, 'move_learn_method': {'name': 'machine', 'url': 'https://pokeapi.co/api/v2/move-learn-method/4/'}, 'order': None}, {'level_learned_at': 0, 'version_group': {'name': 'brilliant-diamond-shining-pearl', 'url': 'https://pokeapi.co/api/v2/version-group/23/'}, 'move_learn_method': {'name': 'machine', 'url': 'https://pokeapi.co/api/v2/move-learn-method/4/'}, 'order': None}, {'level_learned_at': 0, 'version_group': {'name': 'scarlet-violet', 'url': 'https://pokeapi.co/api/v2/version-group/25/'}, 'move_learn_method': {'name': 'machine', 'url': 'https://pokeapi.co/api/v2/move-learn-method/4/'}, 'order': None}]}, {'move': {'name': 'charm', 'url': 'https://pokeapi.co/api/v2/move/204/'}, 'version_group_details': [{'level_learned_at': 0, 'version_group': {'name': 'gold-silver', 'url': 'https://pokeapi.co/api/v2/version-group/3/'}, 'move_learn_method': {'name': 'egg', 'url': 'https://pokeapi.co/api/v2/move-learn-method/2/'}, 'order': None}, {'level_learned_at': 0, 'version_group': {'name': 'ruby-sapphire', 'url': 'https://pokeapi.co/api/v2/version-group/5/'}, 'move_learn_method': {'name': 'egg', 'url': 'https://pokeapi.co/api/v2/move-learn-method/2/'}, 'order': None}, {'level_learned_at': 0, 'version_group': {'name': 'emerald', 'url': 'https://pokeapi.co/api/v2/version-group/6/'}, 'move_learn_method': {'name': 'egg', 'url': 'https://pokeapi.co/api/v2/move-learn-method/2/'}, 'order': None}, {'level_learned_at': 0, 'version_group': {'name': 'firered-leafgreen', 'url': 'https://pokeapi.co/api/v2/version-group/7/'}, 'move_learn_method': {'name': 'egg', 'url': 'https://pokeapi.co/api/v2/move-learn-method/2/'}, 'order': None}, {'level_learned_at': 0, 'version_group': {'name': 'diamond-pearl', 'url': 'https://pokeapi.co/api/v2/version-group/8/'}, 'move_learn_method': {'name': 'egg', 'url': 'https://pokeapi.co/api/v2/move-learn-method/2/'}, 'order': None}, {'level_learned_at': 0, 'version_group': {'name': 'platinum', 'url': 'https://pokeapi.co/api/v2/version-group/9/'}, 'move_learn_method': {'name': 'egg', 'url': 'https://pokeapi.co/api/v2/move-learn-method/2/'}, 'order': None}, {'level_learned_at': 0, 'version_group': {'name': 'heartgold-soulsilver', 'url': 'https://pokeapi.co/api/v2/version-group/10/'}, 'move_learn_method': {'name': 'egg', 'url': 'https://pokeapi.co/api/v2/move-learn-method/2/'}, 'order': None}, {'level_learned_at': 0, 'version_group': {'name': 'black-white', 'url': 'https://pokeapi.co/api/v2/version-group/11/'}, 'move_learn_method': {'name': 'egg', 'url': 'https://pokeapi.co/api/v2/move-learn-method/2/'}, 'order': None}, {'level_learned_at': 0, 'version_group': {'name': 'black-2-white-2', 'url': 'https://pokeapi.co/api/v2/version-group/14/'}, 'move_learn_method': {'name': 'egg', 'url': 'https://pokeapi.co/api/v2/move-learn-method/2/'}, 'order': None}, {'level_learned_at': 0, 'version_group': {'name': 'x-y', 'url': 'https://pokeapi.co/api/v2/version-group/15/'}, 'move_learn_method': {'name': 'egg', 'url': 'https://pokeapi.co/api/v2/move-learn-method/2/'}, 'order': None}, {'level_learned_at': 0, 'version_group': {'name': 'omega-ruby-alpha-sapphire', 'url': 'https://pokeapi.co/api/v2/version-group/16/'}, 'move_learn_method': {'name': 'egg', 'url': 'https://pokeapi.co/api/v2/move-learn-method/2/'}, 'order': None}, {'level_learned_at': 0, 'version_group': {'name': 'sun-moon', 'url': 'https://pokeapi.co/api/v2/version-group/17/'}, 'move_learn_method': {'name': 'egg', 'url': 'https://pokeapi.co/api/v2/move-learn-method/2/'}, 'order': None}, {'level_learned_at': 0, 'version_group': {'name': 'ultra-sun-ultra-moon', 'url': 'https://pokeapi.co/api/v2/version-group/18/'}, 'move_learn_method': {'name': 'egg', 'url': 'https://pokeapi.co/api/v2/move-learn-method/2/'}, 'order': None}, {'level_learned_at': 0, 'version_group': {'name': 'sword-shield', 'url': 'https://pokeapi.co/api/v2/version-group/20/'}, 'move_learn_method': {'name': 'machine', 'url': 'https://pokeapi.co/api/v2/move-learn-method/4/'}, 'order': None}, {'level_learned_at': 0, 'version_group': {'name': 'brilliant-diamond-shining-pearl', 'url': 'https://pokeapi.co/api/v2/version-group/23/'}, 'move_learn_method': {'name': 'egg', 'url': 'https://pokeapi.co/api/v2/move-learn-method/2/'}, 'order': None}, {'level_learned_at': 0, 'version_group': {'name': 'scarlet-violet', 'url': 'https://pokeapi.co/api/v2/version-group/25/'}, 'move_learn_method': {'name': 'machine', 'url': 'https://pokeapi.co/api/v2/move-learn-method/4/'}, 'order': None}]}, {'move': {'name': 'false-swipe', 'url': 'https://pokeapi.co/api/v2/move/206/'}, 'version_group_details': [{'level_learned_at': 0, 'version_group': {'name': 'sword-shield', 'url': 'https://pokeapi.co/api/v2/version-group/20/'}, 'move_learn_method': {'name': 'machine', 'url': 'https://pokeapi.co/api/v2/move-learn-method/4/'}, 'order': None}, {'level_learned_at': 0, 'version_group': {'name': 'brilliant-diamond-shining-pearl', 'url': 'https://pokeapi.co/api/v2/version-group/23/'}, 'move_learn_method': {'name': 'machine', 'url': 'https://pokeapi.co/api/v2/move-learn-method/4/'}, 'order': None}, {'level_learned_at': 0, 'version_group': {'name': 'scarlet-violet', 'url': 'https://pokeapi.co/api/v2/version-group/25/'}, 'move_learn_method': {'name': 'machine', 'url': 'https://pokeapi.co/api/v2/move-learn-method/4/'}, 'order': None}]}, {'move': {'name': 'swagger', 'url': 'https://pokeapi.co/api/v2/move/207/'}, 'version_group_details': [{'level_learned_at': 0, 'version_group': {'name': 'gold-silver', 'url': 'https://pokeapi.co/api/v2/version-group/3/'}, 'move_learn_method': {'name': 'machine', 'url': 'https://pokeapi.co/api/v2/move-learn-method/4/'}, 'order': None}, {'level_learned_at': 0, 'version_group': {'name': 'crystal', 'url': 'https://pokeapi.co/api/v2/version-group/4/'}, 'move_learn_method': {'name': 'machine', 'url': 'https://pokeapi.co/api/v2/move-learn-method/4/'}, 'order': None}, {'level_learned_at': 0, 'version_group': {'name': 'emerald', 'url': 'https://pokeapi.co/api/v2/version-group/6/'}, 'move_learn_method': {'name': 'tutor', 'url': 'https://pokeapi.co/api/v2/move-learn-method/3/'}, 'order': None}, {'level_learned_at': 0, 'version_group': {'name': 'diamond-pearl', 'url': 'https://pokeapi.co/api/v2/version-group/8/'}, 'move_learn_method': {'name': 'machine', 'url': 'https://pokeapi.co/api/v2/move-learn-method/4/'}, 'order': None}, {'level_learned_at': 0, 'version_group': {'name': 'platinum', 'url': 'https://pokeapi.co/api/v2/version-group/9/'}, 'move_learn_method': {'name': 'machine', 'url': 'https://pokeapi.co/api/v2/move-learn-method/4/'}, 'order': None}, {'level_learned_at': 0, 'version_group': {'name': 'heartgold-soulsilver', 'url': 'https://pokeapi.co/api/v2/version-group/10/'}, 'move_learn_method': {'name': 'machine', 'url': 'https://pokeapi.co/api/v2/move-learn-method/4/'}, 'order': None}, {'level_learned_at': 0, 'version_group': {'name': 'black-white', 'url': 'https://pokeapi.co/api/v2/version-group/11/'}, 'move_learn_method': {'name': 'machine', 'url': 'https://pokeapi.co/api/v2/move-learn-method/4/'}, 'order': None}, {'level_learned_at': 0, 'version_group': {'name': 'xd', 'url': 'https://pokeapi.co/api/v2/version-group/13/'}, 'move_learn_method': {'name': 'tutor', 'url': 'https://pokeapi.co/api/v2/move-learn-method/3/'}, 'order': None}, {'level_learned_at': 0, 'version_group': {'name': 'black-2-white-2', 'url': 'https://pokeapi.co/api/v2/version-group/14/'}, 'move_learn_method': {'name': 'machine', 'url': 'https://pokeapi.co/api/v2/move-learn-method/4/'}, 'order': None}, {'level_learned_at': 0, 'version_group': {'name': 'x-y', 'url': 'https://pokeapi.co/api/v2/version-group/15/'}, 'move_learn_method': {'name': 'machine', 'url': 'https://pokeapi.co/api/v2/move-learn-method/4/'}, 'order': None}, {'level_learned_at': 0, 'version_group': {'name': 'omega-ruby-alpha-sapphire', 'url': 'https://pokeapi.co/api/v2/version-group/16/'}, 'move_learn_method': {'name': 'machine', 'url': 'https://pokeapi.co/api/v2/move-learn-method/4/'}, 'order': None}, {'level_learned_at': 0, 'version_group': {'name': 'sun-moon', 'url': 'https://pokeapi.co/api/v2/version-group/17/'}, 'move_learn_method': {'name': 'machine', 'url': 'https://pokeapi.co/api/v2/move-learn-method/4/'}, 'order': None}, {'level_learned_at': 0, 'version_group': {'name': 'ultra-sun-ultra-moon', 'url': 'https://pokeapi.co/api/v2/version-group/18/'}, 'move_learn_method': {'name': 'machine', 'url': 'https://pokeapi.co/api/v2/move-learn-method/4/'}, 'order': None}, {'level_learned_at': 0, 'version_group': {'name': 'brilliant-diamond-shining-pearl', 'url': 'https://pokeapi.co/api/v2/version-group/23/'}, 'move_learn_method': {'name': 'machine', 'url': 'https://pokeapi.co/api/v2/move-learn-method/4/'}, 'order': None}]}, {'move': {'name': 'fury-cutter', 'url': 'https://pokeapi.co/api/v2/move/210/'}, 'version_group_details': [{'level_learned_at': 0, 'version_group': {'name': 'gold-silver', 'url': 'https://pokeapi.co/api/v2/version-group/3/'}, 'move_learn_method': {'name': 'machine', 'url': 'https://pokeapi.co/api/v2/move-learn-method/4/'}, 'order': None}, {'level_learned_at': 0, 'version_group': {'name': 'crystal', 'url': 'https://pokeapi.co/api/v2/version-group/4/'}, 'move_learn_method': {'name': 'machine', 'url': 'https://pokeapi.co/api/v2/move-learn-method/4/'}, 'order': None}, {'level_learned_at': 0, 'version_group': {'name': 'emerald', 'url': 'https://pokeapi.co/api/v2/version-group/6/'}, 'move_learn_method': {'name': 'tutor', 'url': 'https://pokeapi.co/api/v2/move-learn-method/3/'}, 'order': None}, {'level_learned_at': 0, 'version_group': {'name': 'platinum', 'url': 'https://pokeapi.co/api/v2/version-group/9/'}, 'move_learn_method': {'name': 'tutor', 'url': 'https://pokeapi.co/api/v2/move-learn-method/3/'}, 'order': None}, {'level_learned_at': 0, 'version_group': {'name': 'heartgold-soulsilver', 'url': 'https://pokeapi.co/api/v2/version-group/10/'}, 'move_learn_method': {'name': 'tutor', 'url': 'https://pokeapi.co/api/v2/move-learn-method/3/'}, 'order': None}]}, {'move': {'name': 'attract', 'url': 'https://pokeapi.co/api/v2/move/213/'}, 'version_group_details': [{'level_learned_at': 0, 'version_group': {'name': 'gold-silver', 'url': 'https://pokeapi.co/api/v2/version-group/3/'}, 'move_learn_method': {'name': 'machine', 'url': 'https://pokeapi.co/api/v2/move-learn-method/4/'}, 'order': None}, {'level_learned_at': 0, 'version_group': {'name': 'crystal', 'url': 'https://pokeapi.co/api/v2/version-group/4/'}, 'move_learn_method': {'name': 'machine', 'url': 'https://pokeapi.co/api/v2/move-learn-method/4/'}, 'order': None}, {'level_learned_at': 0, 'version_group': {'name': 'ruby-sapphire', 'url': 'https://pokeapi.co/api/v2/version-group/5/'}, 'move_learn_method': {'name': 'machine', 'url': 'https://pokeapi.co/api/v2/move-learn-method/4/'}, 'order': None}, {'level_learned_at': 0, 'version_group': {'name': 'emerald', 'url': 'https://pokeapi.co/api/v2/version-group/6/'}, 'move_learn_method': {'name': 'machine', 'url': 'https://pokeapi.co/api/v2/move-learn-method/4/'}, 'order': None}, {'level_learned_at': 0, 'version_group': {'name': 'firered-leafgreen', 'url': 'https://pokeapi.co/api/v2/version-group/7/'}, 'move_learn_method': {'name': 'machine', 'url': 'https://pokeapi.co/api/v2/move-learn-method/4/'}, 'order': None}, {'level_learned_at': 0, 'version_group': {'name': 'diamond-pearl', 'url': 'https://pokeapi.co/api/v2/version-group/8/'}, 'move_learn_method': {'name': 'machine', 'url': 'https://pokeapi.co/api/v2/move-learn-method/4/'}, 'order': None}, {'level_learned_at': 0, 'version_group': {'name': 'platinum', 'url': 'https://pokeapi.co/api/v2/version-group/9/'}, 'move_learn_method': {'name': 'machine', 'url': 'https://pokeapi.co/api/v2/move-learn-method/4/'}, 'order': None}, {'level_learned_at': 0, 'version_group': {'name': 'heartgold-soulsilver', 'url': 'https://pokeapi.co/api/v2/version-group/10/'}, 'move_learn_method': {'name': 'machine', 'url': 'https://pokeapi.co/api/v2/move-learn-method/4/'}, 'order': None}, {'level_learned_at': 0, 'version_group': {'name': 'black-white', 'url': 'https://pokeapi.co/api/v2/version-group/11/'}, 'move_learn_method': {'name': 'machine', 'url': 'https://pokeapi.co/api/v2/move-learn-method/4/'}, 'order': None}, {'level_learned_at': 0, 'version_group': {'name': 'colosseum', 'url': 'https://pokeapi.co/api/v2/version-group/12/'}, 'move_learn_method': {'name': 'machine', 'url': 'https://pokeapi.co/api/v2/move-learn-method/4/'}, 'order': None}, {'level_learned_at': 0, 'version_group': {'name': 'xd', 'url': 'https://pokeapi.co/api/v2/version-group/13/'}, 'move_learn_method': {'name': 'machine', 'url': 'https://pokeapi.co/api/v2/move-learn-method/4/'}, 'order': None}, {'level_learned_at': 0, 'version_group': {'name': 'black-2-white-2', 'url': 'https://pokeapi.co/api/v2/version-group/14/'}, 'move_learn_method': {'name': 'machine', 'url': 'https://pokeapi.co/api/v2/move-learn-method/4/'}, 'order': None}, {'level_learned_at': 0, 'version_group': {'name': 'x-y', 'url': 'https://pokeapi.co/api/v2/version-group/15/'}, 'move_learn_method': {'name': 'machine', 'url': 'https://pokeapi.co/api/v2/move-learn-method/4/'}, 'order': None}, {'level_learned_at': 0, 'version_group': {'name': 'omega-ruby-alpha-sapphire', 'url': 'https://pokeapi.co/api/v2/version-group/16/'}, 'move_learn_method': {'name': 'machine', 'url': 'https://pokeapi.co/api/v2/move-learn-method/4/'}, 'order': None}, {'level_learned_at': 0, 'version_group': {'name': 'sun-moon', 'url': 'https://pokeapi.co/api/v2/version-group/17/'}, 'move_learn_method': {'name': 'machine', 'url': 'https://pokeapi.co/api/v2/move-learn-method/4/'}, 'order': None}, {'level_learned_at': 0, 'version_group': {'name': 'ultra-sun-ultra-moon', 'url': 'https://pokeapi.co/api/v2/version-group/18/'}, 'move_learn_method': {'name': 'machine', 'url': 'https://pokeapi.co/api/v2/move-learn-method/4/'}, 'order': None}, {'level_learned_at': 0, 'version_group': {'name': 'sword-shield', 'url': 'https://pokeapi.co/api/v2/version-group/20/'}, 'move_learn_method': {'name': 'machine', 'url': 'https://pokeapi.co/api/v2/move-learn-method/4/'}, 'order': None}, {'level_learned_at': 0, 'version_group': {'name': 'brilliant-diamond-shining-pearl', 'url': 'https://pokeapi.co/api/v2/version-group/23/'}, 'move_learn_method': {'name': 'machine', 'url': 'https://pokeapi.co/api/v2/move-learn-method/4/'}, 'order': None}]}, {'move': {'name': 'sleep-talk', 'url': 'https://pokeapi.co/api/v2/move/214/'}, 'version_group_details': [{'level_learned_at': 0, 'version_group': {'name': 'gold-silver', 'url': 'https://pokeapi.co/api/v2/version-group/3/'}, 'move_learn_method': {'name': 'machine', 'url': 'https://pokeapi.co/api/v2/move-learn-method/4/'}, 'order': None}, {'level_learned_at': 0, 'version_group': {'name': 'crystal', 'url': 'https://pokeapi.co/api/v2/version-group/4/'}, 'move_learn_method': {'name': 'machine', 'url': 'https://pokeapi.co/api/v2/move-learn-method/4/'}, 'order': None}, {'level_learned_at': 0, 'version_group': {'name': 'emerald', 'url': 'https://pokeapi.co/api/v2/version-group/6/'}, 'move_learn_method': {'name': 'tutor', 'url': 'https://pokeapi.co/api/v2/move-learn-method/3/'}, 'order': None}, {'level_learned_at': 0, 'version_group': {'name': 'diamond-pearl', 'url': 'https://pokeapi.co/api/v2/version-group/8/'}, 'move_learn_method': {'name': 'machine', 'url': 'https://pokeapi.co/api/v2/move-learn-method/4/'}, 'order': None}, {'level_learned_at': 0, 'version_group': {'name': 'platinum', 'url': 'https://pokeapi.co/api/v2/version-group/9/'}, 'move_learn_method': {'name': 'machine', 'url': 'https://pokeapi.co/api/v2/move-learn-method/4/'}, 'order': None}, {'level_learned_at': 0, 'version_group': {'name': 'heartgold-soulsilver', 'url': 'https://pokeapi.co/api/v2/version-group/10/'}, 'move_learn_method': {'name': 'machine', 'url': 'https://pokeapi.co/api/v2/move-learn-method/4/'}, 'order': None}, {'level_learned_at': 0, 'version_group': {'name': 'black-2-white-2', 'url': 'https://pokeapi.co/api/v2/version-group/14/'}, 'move_learn_method': {'name': 'tutor', 'url': 'https://pokeapi.co/api/v2/move-learn-method/3/'}, 'order': None}, {'level_learned_at': 0, 'version_group': {'name': 'x-y', 'url': 'https://pokeapi.co/api/v2/version-group/15/'}, 'move_learn_method': {'name': 'machine', 'url': 'https://pokeapi.co/api/v2/move-learn-method/4/'}, 'order': None}, {'level_learned_at': 0, 'version_group': {'name': 'omega-ruby-alpha-sapphire', 'url': 'https://pokeapi.co/api/v2/version-group/16/'}, 'move_learn_method': {'name': 'machine', 'url': 'https://pokeapi.co/api/v2/move-learn-method/4/'}, 'order': None}, {'level_learned_at': 0, 'version_group': {'name': 'sun-moon', 'url': 'https://pokeapi.co/api/v2/version-group/17/'}, 'move_learn_method': {'name': 'machine', 'url': 'https://pokeapi.co/api/v2/move-learn-method/4/'}, 'order': None}, {'level_learned_at': 0, 'version_group': {'name': 'ultra-sun-ultra-moon', 'url': 'https://pokeapi.co/api/v2/version-group/18/'}, 'move_learn_method': {'name': 'machine', 'url': 'https://pokeapi.co/api/v2/move-learn-method/4/'}, 'order': None}, {'level_learned_at': 0, 'version_group': {'name': 'sword-shield', 'url': 'https://pokeapi.co/api/v2/version-group/20/'}, 'move_learn_method': {'name': 'machine', 'url': 'https://pokeapi.co/api/v2/move-learn-method/4/'}, 'order': None}, {'level_learned_at': 0, 'version_group': {'name': 'brilliant-diamond-shining-pearl', 'url': 'https://pokeapi.co/api/v2/version-group/23/'}, 'move_learn_method': {'name': 'machine', 'url': 'https://pokeapi.co/api/v2/move-learn-method/4/'}, 'order': None}, {'level_learned_at': 0, 'version_group': {'name': 'scarlet-violet', 'url': 'https://pokeapi.co/api/v2/version-group/25/'}, 'move_learn_method': {'name': 'machine', 'url': 'https://pokeapi.co/api/v2/move-learn-method/4/'}, 'order': None}]}, {'move': {'name': 'return', 'url': 'https://pokeapi.co/api/v2/move/216/'}, 'version_group_details': [{'level_learned_at': 0, 'version_group': {'name': 'gold-silver', 'url': 'https://pokeapi.co/api/v2/version-group/3/'}, 'move_learn_method': {'name': 'machine', 'url': 'https://pokeapi.co/api/v2/move-learn-method/4/'}, 'order': None}, {'level_learned_at': 0, 'version_group': {'name': 'crystal', 'url': 'https://pokeapi.co/api/v2/version-group/4/'}, 'move_learn_method': {'name': 'machine', 'url': 'https://pokeapi.co/api/v2/move-learn-method/4/'}, 'order': None}, {'level_learned_at': 0, 'version_group': {'name': 'ruby-sapphire', 'url': 'https://pokeapi.co/api/v2/version-group/5/'}, 'move_learn_method': {'name': 'machine', 'url': 'https://pokeapi.co/api/v2/move-learn-method/4/'}, 'order': None}, {'level_learned_at': 0, 'version_group': {'name': 'emerald', 'url': 'https://pokeapi.co/api/v2/version-group/6/'}, 'move_learn_method': {'name': 'machine', 'url': 'https://pokeapi.co/api/v2/move-learn-method/4/'}, 'order': None}, {'level_learned_at': 0, 'version_group': {'name': 'firered-leafgreen', 'url': 'https://pokeapi.co/api/v2/version-group/7/'}, 'move_learn_method': {'name': 'machine', 'url': 'https://pokeapi.co/api/v2/move-learn-method/4/'}, 'order': None}, {'level_learned_at': 0, 'version_group': {'name': 'diamond-pearl', 'url': 'https://pokeapi.co/api/v2/version-group/8/'}, 'move_learn_method': {'name': 'machine', 'url': 'https://pokeapi.co/api/v2/move-learn-method/4/'}, 'order': None}, {'level_learned_at': 0, 'version_group': {'name': 'platinum', 'url': 'https://pokeapi.co/api/v2/version-group/9/'}, 'move_learn_method': {'name': 'machine', 'url': 'https://pokeapi.co/api/v2/move-learn-method/4/'}, 'order': None}, {'level_learned_at': 0, 'version_group': {'name': 'heartgold-soulsilver', 'url': 'https://pokeapi.co/api/v2/version-group/10/'}, 'move_learn_method': {'name': 'machine', 'url': 'https://pokeapi.co/api/v2/move-learn-method/4/'}, 'order': None}, {'level_learned_at': 0, 'version_group': {'name': 'black-white', 'url': 'https://pokeapi.co/api/v2/version-group/11/'}, 'move_learn_method': {'name': 'machine', 'url': 'https://pokeapi.co/api/v2/move-learn-method/4/'}, 'order': None}, {'level_learned_at': 0, 'version_group': {'name': 'colosseum', 'url': 'https://pokeapi.co/api/v2/version-group/12/'}, 'move_learn_method': {'name': 'machine', 'url': 'https://pokeapi.co/api/v2/move-learn-method/4/'}, 'order': None}, {'level_learned_at': 0, 'version_group': {'name': 'xd', 'url': 'https://pokeapi.co/api/v2/version-group/13/'}, 'move_learn_method': {'name': 'machine', 'url': 'https://pokeapi.co/api/v2/move-learn-method/4/'}, 'order': None}, {'level_learned_at': 0, 'version_group': {'name': 'black-2-white-2', 'url': 'https://pokeapi.co/api/v2/version-group/14/'}, 'move_learn_method': {'name': 'machine', 'url': 'https://pokeapi.co/api/v2/move-learn-method/4/'}, 'order': None}, {'level_learned_at': 0, 'version_group': {'name': 'x-y', 'url': 'https://pokeapi.co/api/v2/version-group/15/'}, 'move_learn_method': {'name': 'machine', 'url': 'https://pokeapi.co/api/v2/move-learn-method/4/'}, 'order': None}, {'level_learned_at': 0, 'version_group': {'name': 'omega-ruby-alpha-sapphire', 'url': 'https://pokeapi.co/api/v2/version-group/16/'}, 'move_learn_method': {'name': 'machine', 'url': 'https://pokeapi.co/api/v2/move-learn-method/4/'}, 'order': None}, {'level_learned_at': 0, 'version_group': {'name': 'sun-moon', 'url': 'https://pokeapi.co/api/v2/version-group/17/'}, 'move_learn_method': {'name': 'machine', 'url': 'https://pokeapi.co/api/v2/move-learn-method/4/'}, 'order': None}, {'level_learned_at': 0, 'version_group': {'name': 'ultra-sun-ultra-moon', 'url': 'https://pokeapi.co/api/v2/version-group/18/'}, 'move_learn_method': {'name': 'machine', 'url': 'https://pokeapi.co/api/v2/move-learn-method/4/'}, 'order': None}]}, {'move': {'name': 'frustration', 'url': 'https://pokeapi.co/api/v2/move/218/'}, 'version_group_details': [{'level_learned_at': 0, 'version_group': {'name': 'gold-silver', 'url': 'https://pokeapi.co/api/v2/version-group/3/'}, 'move_learn_method': {'name': 'machine', 'url': 'https://pokeapi.co/api/v2/move-learn-method/4/'}, 'order': None}, {'level_learned_at': 0, 'version_group': {'name': 'crystal', 'url': 'https://pokeapi.co/api/v2/version-group/4/'}, 'move_learn_method': {'name': 'machine', 'url': 'https://pokeapi.co/api/v2/move-learn-method/4/'}, 'order': None}, {'level_learned_at': 0, 'version_group': {'name': 'ruby-sapphire', 'url': 'https://pokeapi.co/api/v2/version-group/5/'}, 'move_learn_method': {'name': 'machine', 'url': 'https://pokeapi.co/api/v2/move-learn-method/4/'}, 'order': None}, {'level_learned_at': 0, 'version_group': {'name': 'emerald', 'url': 'https://pokeapi.co/api/v2/version-group/6/'}, 'move_learn_method': {'name': 'machine', 'url': 'https://pokeapi.co/api/v2/move-learn-method/4/'}, 'order': None}, {'level_learned_at': 0, 'version_group': {'name': 'firered-leafgreen', 'url': 'https://pokeapi.co/api/v2/version-group/7/'}, 'move_learn_method': {'name': 'machine', 'url': 'https://pokeapi.co/api/v2/move-learn-method/4/'}, 'order': None}, {'level_learned_at': 0, 'version_group': {'name': 'diamond-pearl', 'url': 'https://pokeapi.co/api/v2/version-group/8/'}, 'move_learn_method': {'name': 'machine', 'url': 'https://pokeapi.co/api/v2/move-learn-method/4/'}, 'order': None}, {'level_learned_at': 0, 'version_group': {'name': 'platinum', 'url': 'https://pokeapi.co/api/v2/version-group/9/'}, 'move_learn_method': {'name': 'machine', 'url': 'https://pokeapi.co/api/v2/move-learn-method/4/'}, 'order': None}, {'level_learned_at': 0, 'version_group': {'name': 'heartgold-soulsilver', 'url': 'https://pokeapi.co/api/v2/version-group/10/'}, 'move_learn_method': {'name': 'machine', 'url': 'https://pokeapi.co/api/v2/move-learn-method/4/'}, 'order': None}, {'level_learned_at': 0, 'version_group': {'name': 'black-white', 'url': 'https://pokeapi.co/api/v2/version-group/11/'}, 'move_learn_method': {'name': 'machine', 'url': 'https://pokeapi.co/api/v2/move-learn-method/4/'}, 'order': None}, {'level_learned_at': 0, 'version_group': {'name': 'colosseum', 'url': 'https://pokeapi.co/api/v2/version-group/12/'}, 'move_learn_method': {'name': 'machine', 'url': 'https://pokeapi.co/api/v2/move-learn-method/4/'}, 'order': None}, {'level_learned_at': 0, 'version_group': {'name': 'xd', 'url': 'https://pokeapi.co/api/v2/version-group/13/'}, 'move_learn_method': {'name': 'machine', 'url': 'https://pokeapi.co/api/v2/move-learn-method/4/'}, 'order': None}, {'level_learned_at': 0, 'version_group': {'name': 'black-2-white-2', 'url': 'https://pokeapi.co/api/v2/version-group/14/'}, 'move_learn_method': {'name': 'machine', 'url': 'https://pokeapi.co/api/v2/move-learn-method/4/'}, 'order': None}, {'level_learned_at': 0, 'version_group': {'name': 'x-y', 'url': 'https://pokeapi.co/api/v2/version-group/15/'}, 'move_learn_method': {'name': 'machine', 'url': 'https://pokeapi.co/api/v2/move-learn-method/4/'}, 'order': None}, {'level_learned_at': 0, 'version_group': {'name': 'omega-ruby-alpha-sapphire', 'url': 'https://pokeapi.co/api/v2/version-group/16/'}, 'move_learn_method': {'name': 'machine', 'url': 'https://pokeapi.co/api/v2/move-learn-method/4/'}, 'order': None}, {'level_learned_at': 0, 'version_group': {'name': 'sun-moon', 'url': 'https://pokeapi.co/api/v2/version-group/17/'}, 'move_learn_method': {'name': 'machine', 'url': 'https://pokeapi.co/api/v2/move-learn-method/4/'}, 'order': None}, {'level_learned_at': 0, 'version_group': {'name': 'ultra-sun-ultra-moon', 'url': 'https://pokeapi.co/api/v2/version-group/18/'}, 'move_learn_method': {'name': 'machine', 'url': 'https://pokeapi.co/api/v2/move-learn-method/4/'}, 'order': None}]}, {'move': {'name': 'safeguard', 'url': 'https://pokeapi.co/api/v2/move/219/'}, 'version_group_details': [{'level_learned_at': 0, 'version_group': {'name': 'gold-silver', 'url': 'https://pokeapi.co/api/v2/version-group/3/'}, 'move_learn_method': {'name': 'egg', 'url': 'https://pokeapi.co/api/v2/move-learn-method/2/'}, 'order': None}, {'level_learned_at': 0, 'version_group': {'name': 'crystal', 'url': 'https://pokeapi.co/api/v2/version-group/4/'}, 'move_learn_method': {'name': 'egg', 'url': 'https://pokeapi.co/api/v2/move-learn-method/2/'}, 'order': None}, {'level_learned_at': 0, 'version_group': {'name': 'ruby-sapphire', 'url': 'https://pokeapi.co/api/v2/version-group/5/'}, 'move_learn_method': {'name': 'egg', 'url': 'https://pokeapi.co/api/v2/move-learn-method/2/'}, 'order': None}, {'level_learned_at': 0, 'version_group': {'name': 'emerald', 'url': 'https://pokeapi.co/api/v2/version-group/6/'}, 'move_learn_method': {'name': 'egg', 'url': 'https://pokeapi.co/api/v2/move-learn-method/2/'}, 'order': None}, {'level_learned_at': 0, 'version_group': {'name': 'firered-leafgreen', 'url': 'https://pokeapi.co/api/v2/version-group/7/'}, 'move_learn_method': {'name': 'egg', 'url': 'https://pokeapi.co/api/v2/move-learn-method/2/'}, 'order': None}, {'level_learned_at': 0, 'version_group': {'name': 'diamond-pearl', 'url': 'https://pokeapi.co/api/v2/version-group/8/'}, 'move_learn_method': {'name': 'egg', 'url': 'https://pokeapi.co/api/v2/move-learn-method/2/'}, 'order': None}, {'level_learned_at': 0, 'version_group': {'name': 'platinum', 'url': 'https://pokeapi.co/api/v2/version-group/9/'}, 'move_learn_method': {'name': 'egg', 'url': 'https://pokeapi.co/api/v2/move-learn-method/2/'}, 'order': None}, {'level_learned_at': 0, 'version_group': {'name': 'heartgold-soulsilver', 'url': 'https://pokeapi.co/api/v2/version-group/10/'}, 'move_learn_method': {'name': 'egg', 'url': 'https://pokeapi.co/api/v2/move-learn-method/2/'}, 'order': None}, {'level_learned_at': 0, 'version_group': {'name': 'black-white', 'url': 'https://pokeapi.co/api/v2/version-group/11/'}, 'move_learn_method': {'name': 'machine', 'url': 'https://pokeapi.co/api/v2/move-learn-method/4/'}, 'order': None}, {'level_learned_at': 0, 'version_group': {'name': 'black-2-white-2', 'url': 'https://pokeapi.co/api/v2/version-group/14/'}, 'move_learn_method': {'name': 'machine', 'url': 'https://pokeapi.co/api/v2/move-learn-method/4/'}, 'order': None}, {'level_learned_at': 0, 'version_group': {'name': 'x-y', 'url': 'https://pokeapi.co/api/v2/version-group/15/'}, 'move_learn_method': {'name': 'machine', 'url': 'https://pokeapi.co/api/v2/move-learn-method/4/'}, 'order': None}, {'level_learned_at': 0, 'version_group': {'name': 'omega-ruby-alpha-sapphire', 'url': 'https://pokeapi.co/api/v2/version-group/16/'}, 'move_learn_method': {'name': 'machine', 'url': 'https://pokeapi.co/api/v2/move-learn-method/4/'}, 'order': None}, {'level_learned_at': 0, 'version_group': {'name': 'sun-moon', 'url': 'https://pokeapi.co/api/v2/version-group/17/'}, 'move_learn_method': {'name': 'machine', 'url': 'https://pokeapi.co/api/v2/move-learn-method/4/'}, 'order': None}, {'level_learned_at': 0, 'version_group': {'name': 'ultra-sun-ultra-moon', 'url': 'https://pokeapi.co/api/v2/version-group/18/'}, 'move_learn_method': {'name': 'machine', 'url': 'https://pokeapi.co/api/v2/move-learn-method/4/'}, 'order': None}, {'level_learned_at': 0, 'version_group': {'name': 'sword-shield', 'url': 'https://pokeapi.co/api/v2/version-group/20/'}, 'move_learn_method': {'name': 'machine', 'url': 'https://pokeapi.co/api/v2/move-learn-method/4/'}, 'order': None}, {'level_learned_at': 0, 'version_group': {'name': 'brilliant-diamond-shining-pearl', 'url': 'https://pokeapi.co/api/v2/version-group/23/'}, 'move_learn_method': {'name': 'machine', 'url': 'https://pokeapi.co/api/v2/move-learn-method/4/'}, 'order': None}]}, {'move': {'name': 'sweet-scent', 'url': 'https://pokeapi.co/api/v2/move/230/'}, 'version_group_details': [{'level_learned_at': 25, 'version_group': {'name': 'gold-silver', 'url': 'https://pokeapi.co/api/v2/version-group/3/'}, 'move_learn_method': {'name': 'level-up', 'url': 'https://pokeapi.co/api/v2/move-learn-method/1/'}, 'order': None}, {'level_learned_at': 0, 'version_group': {'name': 'gold-silver', 'url': 'https://pokeapi.co/api/v2/version-group/3/'}, 'move_learn_method': {'name': 'machine', 'url': 'https://pokeapi.co/api/v2/move-learn-method/4/'}, 'order': None}, {'level_learned_at': 25, 'version_group': {'name': 'crystal', 'url': 'https://pokeapi.co/api/v2/version-group/4/'}, 'move_learn_method': {'name': 'level-up', 'url': 'https://pokeapi.co/api/v2/move-learn-method/1/'}, 'order': None}, {'level_learned_at': 0, 'version_group': {'name': 'crystal', 'url': 'https://pokeapi.co/api/v2/version-group/4/'}, 'move_learn_method': {'name': 'machine', 'url': 'https://pokeapi.co/api/v2/move-learn-method/4/'}, 'order': None}, {'level_learned_at': 25, 'version_group': {'name': 'ruby-sapphire', 'url': 'https://pokeapi.co/api/v2/version-group/5/'}, 'move_learn_method': {'name': 'level-up', 'url': 'https://pokeapi.co/api/v2/move-learn-method/1/'}, 'order': None}, {'level_learned_at': 25, 'version_group': {'name': 'emerald', 'url': 'https://pokeapi.co/api/v2/version-group/6/'}, 'move_learn_method': {'name': 'level-up', 'url': 'https://pokeapi.co/api/v2/move-learn-method/1/'}, 'order': None}, {'level_learned_at': 25, 'version_group': {'name': 'firered-leafgreen', 'url': 'https://pokeapi.co/api/v2/version-group/7/'}, 'move_learn_method': {'name': 'level-up', 'url': 'https://pokeapi.co/api/v2/move-learn-method/1/'}, 'order': None}, {'level_learned_at': 21, 'version_group': {'name': 'diamond-pearl', 'url': 'https://pokeapi.co/api/v2/version-group/8/'}, 'move_learn_method': {'name': 'level-up', 'url': 'https://pokeapi.co/api/v2/move-learn-method/1/'}, 'order': None}, {'level_learned_at': 21, 'version_group': {'name': 'platinum', 'url': 'https://pokeapi.co/api/v2/version-group/9/'}, 'move_learn_method': {'name': 'level-up', 'url': 'https://pokeapi.co/api/v2/move-learn-method/1/'}, 'order': None}, {'level_learned_at': 21, 'version_group': {'name': 'heartgold-soulsilver', 'url': 'https://pokeapi.co/api/v2/version-group/10/'}, 'move_learn_method': {'name': 'level-up', 'url': 'https://pokeapi.co/api/v2/move-learn-method/1/'}, 'order': None}, {'level_learned_at': 21, 'version_group': {'name': 'black-white', 'url': 'https://pokeapi.co/api/v2/version-group/11/'}, 'move_learn_method': {'name': 'level-up', 'url': 'https://pokeapi.co/api/v2/move-learn-method/1/'}, 'order': None}, {'level_learned_at': 25, 'version_group': {'name': 'colosseum', 'url': 'https://pokeapi.co/api/v2/version-group/12/'}, 'move_learn_method': {'name': 'level-up', 'url': 'https://pokeapi.co/api/v2/move-learn-method/1/'}, 'order': None}, {'level_learned_at': 25, 'version_group': {'name': 'xd', 'url': 'https://pokeapi.co/api/v2/version-group/13/'}, 'move_learn_method': {'name': 'level-up', 'url': 'https://pokeapi.co/api/v2/move-learn-method/1/'}, 'order': None}, {'level_learned_at': 21, 'version_group': {'name': 'black-2-white-2', 'url': 'https://pokeapi.co/api/v2/version-group/14/'}, 'move_learn_method': {'name': 'level-up', 'url': 'https://pokeapi.co/api/v2/move-learn-method/1/'}, 'order': None}, {'level_learned_at': 21, 'version_group': {'name': 'x-y', 'url': 'https://pokeapi.co/api/v2/version-group/15/'}, 'move_learn_method': {'name': 'level-up', 'url': 'https://pokeapi.co/api/v2/move-learn-method/1/'}, 'order': None}, {'level_learned_at': 21, 'version_group': {'name': 'omega-ruby-alpha-sapphire', 'url': 'https://pokeapi.co/api/v2/version-group/16/'}, 'move_learn_method': {'name': 'level-up', 'url': 'https://pokeapi.co/api/v2/move-learn-method/1/'}, 'order': None}, {'level_learned_at': 21, 'version_group': {'name': 'sun-moon', 'url': 'https://pokeapi.co/api/v2/version-group/17/'}, 'move_learn_method': {'name': 'level-up', 'url': 'https://pokeapi.co/api/v2/move-learn-method/1/'}, 'order': None}, {'level_learned_at': 21, 'version_group': {'name': 'ultra-sun-ultra-moon', 'url': 'https://pokeapi.co/api/v2/version-group/18/'}, 'move_learn_method': {'name': 'level-up', 'url': 'https://pokeapi.co/api/v2/move-learn-method/1/'}, 'order': None}, {'level_learned_at': 24, 'version_group': {'name': 'sword-shield', 'url': 'https://pokeapi.co/api/v2/version-group/20/'}, 'move_learn_method': {'name': 'level-up', 'url': 'https://pokeapi.co/api/v2/move-learn-method/1/'}, 'order': None}, {'level_learned_at': 24, 'version_group': {'name': 'brilliant-diamond-shining-pearl', 'url': 'https://pokeapi.co/api/v2/version-group/23/'}, 'move_learn_method': {'name': 'level-up', 'url': 'https://pokeapi.co/api/v2/move-learn-method/1/'}, 'order': None}, {'level_learned_at': 24, 'version_group': {'name': 'scarlet-violet', 'url': 'https://pokeapi.co/api/v2/version-group/25/'}, 'move_learn_method': {'name': 'level-up', 'url': 'https://pokeapi.co/api/v2/move-learn-method/1/'}, 'order': None}]}, {'move': {'name': 'synthesis', 'url': 'https://pokeapi.co/api/v2/move/235/'}, 'version_group_details': [{'level_learned_at': 39, 'version_group': {'name': 'gold-silver', 'url': 'https://pokeapi.co/api/v2/version-group/3/'}, 'move_learn_method': {'name': 'level-up', 'url': 'https://pokeapi.co/api/v2/move-learn-method/1/'}, 'order': None}, {'level_learned_at': 39, 'version_group': {'name': 'crystal', 'url': 'https://pokeapi.co/api/v2/version-group/4/'}, 'move_learn_method': {'name': 'level-up', 'url': 'https://pokeapi.co/api/v2/move-learn-method/1/'}, 'order': None}, {'level_learned_at': 39, 'version_group': {'name': 'ruby-sapphire', 'url': 'https://pokeapi.co/api/v2/version-group/5/'}, 'move_learn_method': {'name': 'level-up', 'url': 'https://pokeapi.co/api/v2/move-learn-method/1/'}, 'order': None}, {'level_learned_at': 39, 'version_group': {'name': 'emerald', 'url': 'https://pokeapi.co/api/v2/version-group/6/'}, 'move_learn_method': {'name': 'level-up', 'url': 'https://pokeapi.co/api/v2/move-learn-method/1/'}, 'order': None}, {'level_learned_at': 39, 'version_group': {'name': 'firered-leafgreen', 'url': 'https://pokeapi.co/api/v2/version-group/7/'}, 'move_learn_method': {'name': 'level-up', 'url': 'https://pokeapi.co/api/v2/move-learn-method/1/'}, 'order': None}, {'level_learned_at': 33, 'version_group': {'name': 'diamond-pearl', 'url': 'https://pokeapi.co/api/v2/version-group/8/'}, 'move_learn_method': {'name': 'level-up', 'url': 'https://pokeapi.co/api/v2/move-learn-method/1/'}, 'order': None}, {'level_learned_at': 33, 'version_group': {'name': 'platinum', 'url': 'https://pokeapi.co/api/v2/version-group/9/'}, 'move_learn_method': {'name': 'level-up', 'url': 'https://pokeapi.co/api/v2/move-learn-method/1/'}, 'order': None}, {'level_learned_at': 0, 'version_group': {'name': 'platinum', 'url': 'https://pokeapi.co/api/v2/version-group/9/'}, 'move_learn_method': {'name': 'tutor', 'url': 'https://pokeapi.co/api/v2/move-learn-method/3/'}, 'order': None}, {'level_learned_at': 33, 'version_group': {'name': 'heartgold-soulsilver', 'url': 'https://pokeapi.co/api/v2/version-group/10/'}, 'move_learn_method': {'name': 'level-up', 'url': 'https://pokeapi.co/api/v2/move-learn-method/1/'}, 'order': None}, {'level_learned_at': 0, 'version_group': {'name': 'heartgold-soulsilver', 'url': 'https://pokeapi.co/api/v2/version-group/10/'}, 'move_learn_method': {'name': 'tutor', 'url': 'https://pokeapi.co/api/v2/move-learn-method/3/'}, 'order': None}, {'level_learned_at': 33, 'version_group': {'name': 'black-white', 'url': 'https://pokeapi.co/api/v2/version-group/11/'}, 'move_learn_method': {'name': 'level-up', 'url': 'https://pokeapi.co/api/v2/move-learn-method/1/'}, 'order': None}, {'level_learned_at': 39, 'version_group': {'name': 'colosseum', 'url': 'https://pokeapi.co/api/v2/version-group/12/'}, 'move_learn_method': {'name': 'level-up', 'url': 'https://pokeapi.co/api/v2/move-learn-method/1/'}, 'order': None}, {'level_learned_at': 39, 'version_group': {'name': 'xd', 'url': 'https://pokeapi.co/api/v2/version-group/13/'}, 'move_learn_method': {'name': 'level-up', 'url': 'https://pokeapi.co/api/v2/move-learn-method/1/'}, 'order': None}, {'level_learned_at': 33, 'version_group': {'name': 'black-2-white-2', 'url': 'https://pokeapi.co/api/v2/version-group/14/'}, 'move_learn_method': {'name': 'level-up', 'url': 'https://pokeapi.co/api/v2/move-learn-method/1/'}, 'order': None}, {'level_learned_at': 0, 'version_group': {'name': 'black-2-white-2', 'url': 'https://pokeapi.co/api/v2/version-group/14/'}, 'move_learn_method': {'name': 'tutor', 'url': 'https://pokeapi.co/api/v2/move-learn-method/3/'}, 'order': None}, {'level_learned_at': 33, 'version_group': {'name': 'x-y', 'url': 'https://pokeapi.co/api/v2/version-group/15/'}, 'move_learn_method': {'name': 'level-up', 'url': 'https://pokeapi.co/api/v2/move-learn-method/1/'}, 'order': None}, {'level_learned_at': 33, 'version_group': {'name': 'omega-ruby-alpha-sapphire', 'url': 'https://pokeapi.co/api/v2/version-group/16/'}, 'move_learn_method': {'name': 'level-up', 'url': 'https://pokeapi.co/api/v2/move-learn-method/1/'}, 'order': None}, {'level_learned_at': 0, 'version_group': {'name': 'omega-ruby-alpha-sapphire', 'url': 'https://pokeapi.co/api/v2/version-group/16/'}, 'move_learn_method': {'name': 'tutor', 'url': 'https://pokeapi.co/api/v2/move-learn-method/3/'}, 'order': None}, {'level_learned_at': 33, 'version_group': {'name': 'sun-moon', 'url': 'https://pokeapi.co/api/v2/version-group/17/'}, 'move_learn_method': {'name': 'level-up', 'url': 'https://pokeapi.co/api/v2/move-learn-method/1/'}, 'order': None}, {'level_learned_at': 33, 'version_group': {'name': 'ultra-sun-ultra-moon', 'url': 'https://pokeapi.co/api/v2/version-group/18/'}, 'move_learn_method': {'name': 'level-up', 'url': 'https://pokeapi.co/api/v2/move-learn-method/1/'}, 'order': None}, {'level_learned_at': 0, 'version_group': {'name': 'ultra-sun-ultra-moon', 'url': 'https://pokeapi.co/api/v2/version-group/18/'}, 'move_learn_method': {'name': 'tutor', 'url': 'https://pokeapi.co/api/v2/move-learn-method/3/'}, 'order': None}, {'level_learned_at': 27, 'version_group': {'name': 'sword-shield', 'url': 'https://pokeapi.co/api/v2/version-group/20/'}, 'move_learn_method': {'name': 'level-up', 'url': 'https://pokeapi.co/api/v2/move-learn-method/1/'}, 'order': None}, {'level_learned_at': 27, 'version_group': {'name': 'brilliant-diamond-shining-pearl', 'url': 'https://pokeapi.co/api/v2/version-group/23/'}, 'move_learn_method': {'name': 'level-up', 'url': 'https://pokeapi.co/api/v2/move-learn-method/1/'}, 'order': None}, {'level_learned_at': 27, 'version_group': {'name': 'scarlet-violet', 'url': 'https://pokeapi.co/api/v2/version-group/25/'}, 'move_learn_method': {'name': 'level-up', 'url': 'https://pokeapi.co/api/v2/move-learn-method/1/'}, 'order': None}]}, {'move': {'name': 'hidden-power', 'url': 'https://pokeapi.co/api/v2/move/237/'}, 'version_group_details': [{'level_learned_at': 0, 'version_group': {'name': 'gold-silver', 'url': 'https://pokeapi.co/api/v2/version-group/3/'}, 'move_learn_method': {'name': 'machine', 'url': 'https://pokeapi.co/api/v2/move-learn-method/4/'}, 'order': None}, {'level_learned_at': 0, 'version_group': {'name': 'crystal', 'url': 'https://pokeapi.co/api/v2/version-group/4/'}, 'move_learn_method': {'name': 'machine', 'url': 'https://pokeapi.co/api/v2/move-learn-method/4/'}, 'order': None}, {'level_learned_at': 0, 'version_group': {'name': 'ruby-sapphire', 'url': 'https://pokeapi.co/api/v2/version-group/5/'}, 'move_learn_method': {'name': 'machine', 'url': 'https://pokeapi.co/api/v2/move-learn-method/4/'}, 'order': None}, {'level_learned_at': 0, 'version_group': {'name': 'emerald', 'url': 'https://pokeapi.co/api/v2/version-group/6/'}, 'move_learn_method': {'name': 'machine', 'url': 'https://pokeapi.co/api/v2/move-learn-method/4/'}, 'order': None}, {'level_learned_at': 0, 'version_group': {'name': 'firered-leafgreen', 'url': 'https://pokeapi.co/api/v2/version-group/7/'}, 'move_learn_method': {'name': 'machine', 'url': 'https://pokeapi.co/api/v2/move-learn-method/4/'}, 'order': None}, {'level_learned_at': 0, 'version_group': {'name': 'diamond-pearl', 'url': 'https://pokeapi.co/api/v2/version-group/8/'}, 'move_learn_method': {'name': 'machine', 'url': 'https://pokeapi.co/api/v2/move-learn-method/4/'}, 'order': None}, {'level_learned_at': 0, 'version_group': {'name': 'platinum', 'url': 'https://pokeapi.co/api/v2/version-group/9/'}, 'move_learn_method': {'name': 'machine', 'url': 'https://pokeapi.co/api/v2/move-learn-method/4/'}, 'order': None}, {'level_learned_at': 0, 'version_group': {'name': 'heartgold-soulsilver', 'url': 'https://pokeapi.co/api/v2/version-group/10/'}, 'move_learn_method': {'name': 'machine', 'url': 'https://pokeapi.co/api/v2/move-learn-method/4/'}, 'order': None}, {'level_learned_at': 0, 'version_group': {'name': 'black-white', 'url': 'https://pokeapi.co/api/v2/version-group/11/'}, 'move_learn_method': {'name': 'machine', 'url': 'https://pokeapi.co/api/v2/move-learn-method/4/'}, 'order': None}, {'level_learned_at': 0, 'version_group': {'name': 'colosseum', 'url': 'https://pokeapi.co/api/v2/version-group/12/'}, 'move_learn_method': {'name': 'machine', 'url': 'https://pokeapi.co/api/v2/move-learn-method/4/'}, 'order': None}, {'level_learned_at': 0, 'version_group': {'name': 'xd', 'url': 'https://pokeapi.co/api/v2/version-group/13/'}, 'move_learn_method': {'name': 'machine', 'url': 'https://pokeapi.co/api/v2/move-learn-method/4/'}, 'order': None}, {'level_learned_at': 0, 'version_group': {'name': 'black-2-white-2', 'url': 'https://pokeapi.co/api/v2/version-group/14/'}, 'move_learn_method': {'name': 'machine', 'url': 'https://pokeapi.co/api/v2/move-learn-method/4/'}, 'order': None}, {'level_learned_at': 0, 'version_group': {'name': 'x-y', 'url': 'https://pokeapi.co/api/v2/version-group/15/'}, 'move_learn_method': {'name': 'machine', 'url': 'https://pokeapi.co/api/v2/move-learn-method/4/'}, 'order': None}, {'level_learned_at': 0, 'version_group': {'name': 'omega-ruby-alpha-sapphire', 'url': 'https://pokeapi.co/api/v2/version-group/16/'}, 'move_learn_method': {'name': 'machine', 'url': 'https://pokeapi.co/api/v2/move-learn-method/4/'}, 'order': None}, {'level_learned_at': 0, 'version_group': {'name': 'sun-moon', 'url': 'https://pokeapi.co/api/v2/version-group/17/'}, 'move_learn_method': {'name': 'machine', 'url': 'https://pokeapi.co/api/v2/move-learn-method/4/'}, 'order': None}, {'level_learned_at': 0, 'version_group': {'name': 'ultra-sun-ultra-moon', 'url': 'https://pokeapi.co/api/v2/version-group/18/'}, 'move_learn_method': {'name': 'machine', 'url': 'https://pokeapi.co/api/v2/move-learn-method/4/'}, 'order': None}]}, {'move': {'name': 'sunny-day', 'url': 'https://pokeapi.co/api/v2/move/241/'}, 'version_group_details': [{'level_learned_at': 0, 'version_group': {'name': 'gold-silver', 'url': 'https://pokeapi.co/api/v2/version-group/3/'}, 'move_learn_method': {'name': 'machine', 'url': 'https://pokeapi.co/api/v2/move-learn-method/4/'}, 'order': None}, {'level_learned_at': 0, 'version_group': {'name': 'crystal', 'url': 'https://pokeapi.co/api/v2/version-group/4/'}, 'move_learn_method': {'name': 'machine', 'url': 'https://pokeapi.co/api/v2/move-learn-method/4/'}, 'order': None}, {'level_learned_at': 0, 'version_group': {'name': 'ruby-sapphire', 'url': 'https://pokeapi.co/api/v2/version-group/5/'}, 'move_learn_method': {'name': 'machine', 'url': 'https://pokeapi.co/api/v2/move-learn-method/4/'}, 'order': None}, {'level_learned_at': 0, 'version_group': {'name': 'emerald', 'url': 'https://pokeapi.co/api/v2/version-group/6/'}, 'move_learn_method': {'name': 'machine', 'url': 'https://pokeapi.co/api/v2/move-learn-method/4/'}, 'order': None}, {'level_learned_at': 0, 'version_group': {'name': 'firered-leafgreen', 'url': 'https://pokeapi.co/api/v2/version-group/7/'}, 'move_learn_method': {'name': 'machine', 'url': 'https://pokeapi.co/api/v2/move-learn-method/4/'}, 'order': None}, {'level_learned_at': 0, 'version_group': {'name': 'diamond-pearl', 'url': 'https://pokeapi.co/api/v2/version-group/8/'}, 'move_learn_method': {'name': 'machine', 'url': 'https://pokeapi.co/api/v2/move-learn-method/4/'}, 'order': None}, {'level_learned_at': 0, 'version_group': {'name': 'platinum', 'url': 'https://pokeapi.co/api/v2/version-group/9/'}, 'move_learn_method': {'name': 'machine', 'url': 'https://pokeapi.co/api/v2/move-learn-method/4/'}, 'order': None}, {'level_learned_at': 0, 'version_group': {'name': 'heartgold-soulsilver', 'url': 'https://pokeapi.co/api/v2/version-group/10/'}, 'move_learn_method': {'name': 'machine', 'url': 'https://pokeapi.co/api/v2/move-learn-method/4/'}, 'order': None}, {'level_learned_at': 0, 'version_group': {'name': 'black-white', 'url': 'https://pokeapi.co/api/v2/version-group/11/'}, 'move_learn_method': {'name': 'machine', 'url': 'https://pokeapi.co/api/v2/move-learn-method/4/'}, 'order': None}, {'level_learned_at': 0, 'version_group': {'name': 'colosseum', 'url': 'https://pokeapi.co/api/v2/version-group/12/'}, 'move_learn_method': {'name': 'machine', 'url': 'https://pokeapi.co/api/v2/move-learn-method/4/'}, 'order': None}, {'level_learned_at': 0, 'version_group': {'name': 'xd', 'url': 'https://pokeapi.co/api/v2/version-group/13/'}, 'move_learn_method': {'name': 'machine', 'url': 'https://pokeapi.co/api/v2/move-learn-method/4/'}, 'order': None}, {'level_learned_at': 0, 'version_group': {'name': 'black-2-white-2', 'url': 'https://pokeapi.co/api/v2/version-group/14/'}, 'move_learn_method': {'name': 'machine', 'url': 'https://pokeapi.co/api/v2/move-learn-method/4/'}, 'order': None}, {'level_learned_at': 0, 'version_group': {'name': 'x-y', 'url': 'https://pokeapi.co/api/v2/version-group/15/'}, 'move_learn_method': {'name': 'machine', 'url': 'https://pokeapi.co/api/v2/move-learn-method/4/'}, 'order': None}, {'level_learned_at': 0, 'version_group': {'name': 'omega-ruby-alpha-sapphire', 'url': 'https://pokeapi.co/api/v2/version-group/16/'}, 'move_learn_method': {'name': 'machine', 'url': 'https://pokeapi.co/api/v2/move-learn-method/4/'}, 'order': None}, {'level_learned_at': 0, 'version_group': {'name': 'sun-moon', 'url': 'https://pokeapi.co/api/v2/version-group/17/'}, 'move_learn_method': {'name': 'machine', 'url': 'https://pokeapi.co/api/v2/move-learn-method/4/'}, 'order': None}, {'level_learned_at': 0, 'version_group': {'name': 'ultra-sun-ultra-moon', 'url': 'https://pokeapi.co/api/v2/version-group/18/'}, 'move_learn_method': {'name': 'machine', 'url': 'https://pokeapi.co/api/v2/move-learn-method/4/'}, 'order': None}, {'level_learned_at': 0, 'version_group': {'name': 'sword-shield', 'url': 'https://pokeapi.co/api/v2/version-group/20/'}, 'move_learn_method': {'name': 'machine', 'url': 'https://pokeapi.co/api/v2/move-learn-method/4/'}, 'order': None}, {'level_learned_at': 0, 'version_group': {'name': 'brilliant-diamond-shining-pearl', 'url': 'https://pokeapi.co/api/v2/version-group/23/'}, 'move_learn_method': {'name': 'machine', 'url': 'https://pokeapi.co/api/v2/move-learn-method/4/'}, 'order': None}, {'level_learned_at': 0, 'version_group': {'name': 'scarlet-violet', 'url': 'https://pokeapi.co/api/v2/version-group/25/'}, 'move_learn_method': {'name': 'machine', 'url': 'https://pokeapi.co/api/v2/move-learn-method/4/'}, 'order': None}]}, {'move': {'name': 'rock-smash', 'url': 'https://pokeapi.co/api/v2/move/249/'}, 'version_group_details': [{'level_learned_at': 0, 'version_group': {'name': 'ruby-sapphire', 'url': 'https://pokeapi.co/api/v2/version-group/5/'}, 'move_learn_method': {'name': 'machine', 'url': 'https://pokeapi.co/api/v2/move-learn-method/4/'}, 'order': None}, {'level_learned_at': 0, 'version_group': {'name': 'emerald', 'url': 'https://pokeapi.co/api/v2/version-group/6/'}, 'move_learn_method': {'name': 'machine', 'url': 'https://pokeapi.co/api/v2/move-learn-method/4/'}, 'order': None}, {'level_learned_at': 0, 'version_group': {'name': 'firered-leafgreen', 'url': 'https://pokeapi.co/api/v2/version-group/7/'}, 'move_learn_method': {'name': 'machine', 'url': 'https://pokeapi.co/api/v2/move-learn-method/4/'}, 'order': None}, {'level_learned_at': 0, 'version_group': {'name': 'diamond-pearl', 'url': 'https://pokeapi.co/api/v2/version-group/8/'}, 'move_learn_method': {'name': 'machine', 'url': 'https://pokeapi.co/api/v2/move-learn-method/4/'}, 'order': None}, {'level_learned_at': 0, 'version_group': {'name': 'platinum', 'url': 'https://pokeapi.co/api/v2/version-group/9/'}, 'move_learn_method': {'name': 'machine', 'url': 'https://pokeapi.co/api/v2/move-learn-method/4/'}, 'order': None}, {'level_learned_at': 0, 'version_group': {'name': 'heartgold-soulsilver', 'url': 'https://pokeapi.co/api/v2/version-group/10/'}, 'move_learn_method': {'name': 'machine', 'url': 'https://pokeapi.co/api/v2/move-learn-method/4/'}, 'order': None}, {'level_learned_at': 0, 'version_group': {'name': 'black-white', 'url': 'https://pokeapi.co/api/v2/version-group/11/'}, 'move_learn_method': {'name': 'machine', 'url': 'https://pokeapi.co/api/v2/move-learn-method/4/'}, 'order': None}, {'level_learned_at': 0, 'version_group': {'name': 'colosseum', 'url': 'https://pokeapi.co/api/v2/version-group/12/'}, 'move_learn_method': {'name': 'machine', 'url': 'https://pokeapi.co/api/v2/move-learn-method/4/'}, 'order': None}, {'level_learned_at': 0, 'version_group': {'name': 'xd', 'url': 'https://pokeapi.co/api/v2/version-group/13/'}, 'move_learn_method': {'name': 'machine', 'url': 'https://pokeapi.co/api/v2/move-learn-method/4/'}, 'order': None}, {'level_learned_at': 0, 'version_group': {'name': 'black-2-white-2', 'url': 'https://pokeapi.co/api/v2/version-group/14/'}, 'move_learn_method': {'name': 'machine', 'url': 'https://pokeapi.co/api/v2/move-learn-method/4/'}, 'order': None}, {'level_learned_at': 0, 'version_group': {'name': 'x-y', 'url': 'https://pokeapi.co/api/v2/version-group/15/'}, 'move_learn_method': {'name': 'machine', 'url': 'https://pokeapi.co/api/v2/move-learn-method/4/'}, 'order': None}, {'level_learned_at': 0, 'version_group': {'name': 'omega-ruby-alpha-sapphire', 'url': 'https://pokeapi.co/api/v2/version-group/16/'}, 'move_learn_method': {'name': 'machine', 'url': 'https://pokeapi.co/api/v2/move-learn-method/4/'}, 'order': None}, {'level_learned_at': 0, 'version_group': {'name': 'brilliant-diamond-shining-pearl', 'url': 'https://pokeapi.co/api/v2/version-group/23/'}, 'move_learn_method': {'name': 'machine', 'url': 'https://pokeapi.co/api/v2/move-learn-method/4/'}, 'order': None}]}, {'move': {'name': 'facade', 'url': 'https://pokeapi.co/api/v2/move/263/'}, 'version_group_details': [{'level_learned_at': 0, 'version_group': {'name': 'ruby-sapphire', 'url': 'https://pokeapi.co/api/v2/version-group/5/'}, 'move_learn_method': {'name': 'machine', 'url': 'https://pokeapi.co/api/v2/move-learn-method/4/'}, 'order': None}, {'level_learned_at': 0, 'version_group': {'name': 'emerald', 'url': 'https://pokeapi.co/api/v2/version-group/6/'}, 'move_learn_method': {'name': 'machine', 'url': 'https://pokeapi.co/api/v2/move-learn-method/4/'}, 'order': None}, {'level_learned_at': 0, 'version_group': {'name': 'firered-leafgreen', 'url': 'https://pokeapi.co/api/v2/version-group/7/'}, 'move_learn_method': {'name': 'machine', 'url': 'https://pokeapi.co/api/v2/move-learn-method/4/'}, 'order': None}, {'level_learned_at': 0, 'version_group': {'name': 'diamond-pearl', 'url': 'https://pokeapi.co/api/v2/version-group/8/'}, 'move_learn_method': {'name': 'machine', 'url': 'https://pokeapi.co/api/v2/move-learn-method/4/'}, 'order': None}, {'level_learned_at': 0, 'version_group': {'name': 'platinum', 'url': 'https://pokeapi.co/api/v2/version-group/9/'}, 'move_learn_method': {'name': 'machine', 'url': 'https://pokeapi.co/api/v2/move-learn-method/4/'}, 'order': None}, {'level_learned_at': 0, 'version_group': {'name': 'heartgold-soulsilver', 'url': 'https://pokeapi.co/api/v2/version-group/10/'}, 'move_learn_method': {'name': 'machine', 'url': 'https://pokeapi.co/api/v2/move-learn-method/4/'}, 'order': None}, {'level_learned_at': 0, 'version_group': {'name': 'black-white', 'url': 'https://pokeapi.co/api/v2/version-group/11/'}, 'move_learn_method': {'name': 'machine', 'url': 'https://pokeapi.co/api/v2/move-learn-method/4/'}, 'order': None}, {'level_learned_at': 0, 'version_group': {'name': 'colosseum', 'url': 'https://pokeapi.co/api/v2/version-group/12/'}, 'move_learn_method': {'name': 'machine', 'url': 'https://pokeapi.co/api/v2/move-learn-method/4/'}, 'order': None}, {'level_learned_at': 0, 'version_group': {'name': 'xd', 'url': 'https://pokeapi.co/api/v2/version-group/13/'}, 'move_learn_method': {'name': 'machine', 'url': 'https://pokeapi.co/api/v2/move-learn-method/4/'}, 'order': None}, {'level_learned_at': 0, 'version_group': {'name': 'black-2-white-2', 'url': 'https://pokeapi.co/api/v2/version-group/14/'}, 'move_learn_method': {'name': 'machine', 'url': 'https://pokeapi.co/api/v2/move-learn-method/4/'}, 'order': None}, {'level_learned_at': 0, 'version_group': {'name': 'x-y', 'url': 'https://pokeapi.co/api/v2/version-group/15/'}, 'move_learn_method': {'name': 'machine', 'url': 'https://pokeapi.co/api/v2/move-learn-method/4/'}, 'order': None}, {'level_learned_at': 0, 'version_group': {'name': 'omega-ruby-alpha-sapphire', 'url': 'https://pokeapi.co/api/v2/version-group/16/'}, 'move_learn_method': {'name': 'machine', 'url': 'https://pokeapi.co/api/v2/move-learn-method/4/'}, 'order': None}, {'level_learned_at': 0, 'version_group': {'name': 'sun-moon', 'url': 'https://pokeapi.co/api/v2/version-group/17/'}, 'move_learn_method': {'name': 'machine', 'url': 'https://pokeapi.co/api/v2/move-learn-method/4/'}, 'order': None}, {'level_learned_at': 0, 'version_group': {'name': 'ultra-sun-ultra-moon', 'url': 'https://pokeapi.co/api/v2/version-group/18/'}, 'move_learn_method': {'name': 'machine', 'url': 'https://pokeapi.co/api/v2/move-learn-method/4/'}, 'order': None}, {'level_learned_at': 0, 'version_group': {'name': 'lets-go-pikachu-lets-go-eevee', 'url': 'https://pokeapi.co/api/v2/version-group/19/'}, 'move_learn_method': {'name': 'machine', 'url': 'https://pokeapi.co/api/v2/move-learn-method/4/'}, 'order': None}, {'level_learned_at': 0, 'version_group': {'name': 'sword-shield', 'url': 'https://pokeapi.co/api/v2/version-group/20/'}, 'move_learn_method': {'name': 'machine', 'url': 'https://pokeapi.co/api/v2/move-learn-method/4/'}, 'order': None}, {'level_learned_at': 0, 'version_group': {'name': 'brilliant-diamond-shining-pearl', 'url': 'https://pokeapi.co/api/v2/version-group/23/'}, 'move_learn_method': {'name': 'machine', 'url': 'https://pokeapi.co/api/v2/move-learn-method/4/'}, 'order': None}, {'level_learned_at': 0, 'version_group': {'name': 'scarlet-violet', 'url': 'https://pokeapi.co/api/v2/version-group/25/'}, 'move_learn_method': {'name': 'machine', 'url': 'https://pokeapi.co/api/v2/move-learn-method/4/'}, 'order': None}]}, {'move': {'name': 'nature-power', 'url': 'https://pokeapi.co/api/v2/move/267/'}, 'version_group_details': [{'level_learned_at': 0, 'version_group': {'name': 'diamond-pearl', 'url': 'https://pokeapi.co/api/v2/version-group/8/'}, 'move_learn_method': {'name': 'egg', 'url': 'https://pokeapi.co/api/v2/move-learn-method/2/'}, 'order': None}, {'level_learned_at': 0, 'version_group': {'name': 'platinum', 'url': 'https://pokeapi.co/api/v2/version-group/9/'}, 'move_learn_method': {'name': 'egg', 'url': 'https://pokeapi.co/api/v2/move-learn-method/2/'}, 'order': None}, {'level_learned_at': 0, 'version_group': {'name': 'heartgold-soulsilver', 'url': 'https://pokeapi.co/api/v2/version-group/10/'}, 'move_learn_method': {'name': 'egg', 'url': 'https://pokeapi.co/api/v2/move-learn-method/2/'}, 'order': None}, {'level_learned_at': 0, 'version_group': {'name': 'black-white', 'url': 'https://pokeapi.co/api/v2/version-group/11/'}, 'move_learn_method': {'name': 'egg', 'url': 'https://pokeapi.co/api/v2/move-learn-method/2/'}, 'order': None}, {'level_learned_at': 0, 'version_group': {'name': 'black-2-white-2', 'url': 'https://pokeapi.co/api/v2/version-group/14/'}, 'move_learn_method': {'name': 'egg', 'url': 'https://pokeapi.co/api/v2/move-learn-method/2/'}, 'order': None}, {'level_learned_at': 0, 'version_group': {'name': 'x-y', 'url': 'https://pokeapi.co/api/v2/version-group/15/'}, 'move_learn_method': {'name': 'egg', 'url': 'https://pokeapi.co/api/v2/move-learn-method/2/'}, 'order': None}, {'level_learned_at': 0, 'version_group': {'name': 'x-y', 'url': 'https://pokeapi.co/api/v2/version-group/15/'}, 'move_learn_method': {'name': 'machine', 'url': 'https://pokeapi.co/api/v2/move-learn-method/4/'}, 'order': None}, {'level_learned_at': 0, 'version_group': {'name': 'omega-ruby-alpha-sapphire', 'url': 'https://pokeapi.co/api/v2/version-group/16/'}, 'move_learn_method': {'name': 'egg', 'url': 'https://pokeapi.co/api/v2/move-learn-method/2/'}, 'order': None}, {'level_learned_at': 0, 'version_group': {'name': 'omega-ruby-alpha-sapphire', 'url': 'https://pokeapi.co/api/v2/version-group/16/'}, 'move_learn_method': {'name': 'machine', 'url': 'https://pokeapi.co/api/v2/move-learn-method/4/'}, 'order': None}, {'level_learned_at': 0, 'version_group': {'name': 'sun-moon', 'url': 'https://pokeapi.co/api/v2/version-group/17/'}, 'move_learn_method': {'name': 'egg', 'url': 'https://pokeapi.co/api/v2/move-learn-method/2/'}, 'order': None}, {'level_learned_at': 0, 'version_group': {'name': 'sun-moon', 'url': 'https://pokeapi.co/api/v2/version-group/17/'}, 'move_learn_method': {'name': 'machine', 'url': 'https://pokeapi.co/api/v2/move-learn-method/4/'}, 'order': None}, {'level_learned_at': 0, 'version_group': {'name': 'ultra-sun-ultra-moon', 'url': 'https://pokeapi.co/api/v2/version-group/18/'}, 'move_learn_method': {'name': 'egg', 'url': 'https://pokeapi.co/api/v2/move-learn-method/2/'}, 'order': None}, {'level_learned_at': 0, 'version_group': {'name': 'ultra-sun-ultra-moon', 'url': 'https://pokeapi.co/api/v2/version-group/18/'}, 'move_learn_method': {'name': 'machine', 'url': 'https://pokeapi.co/api/v2/move-learn-method/4/'}, 'order': None}, {'level_learned_at': 0, 'version_group': {'name': 'sword-shield', 'url': 'https://pokeapi.co/api/v2/version-group/20/'}, 'move_learn_method': {'name': 'egg', 'url': 'https://pokeapi.co/api/v2/move-learn-method/2/'}, 'order': None}, {'level_learned_at': 0, 'version_group': {'name': 'brilliant-diamond-shining-pearl', 'url': 'https://pokeapi.co/api/v2/version-group/23/'}, 'move_learn_method': {'name': 'egg', 'url': 'https://pokeapi.co/api/v2/move-learn-method/2/'}, 'order': None}]}, {'move': {'name': 'helping-hand', 'url': 'https://pokeapi.co/api/v2/move/270/'}, 'version_group_details': [{'level_learned_at': 0, 'version_group': {'name': 'sword-shield', 'url': 'https://pokeapi.co/api/v2/version-group/20/'}, 'move_learn_method': {'name': 'machine', 'url': 'https://pokeapi.co/api/v2/move-learn-method/4/'}, 'order': None}, {'level_learned_at': 0, 'version_group': {'name': 'scarlet-violet', 'url': 'https://pokeapi.co/api/v2/version-group/25/'}, 'move_learn_method': {'name': 'machine', 'url': 'https://pokeapi.co/api/v2/move-learn-method/4/'}, 'order': None}]}, {'move': {'name': 'ingrain', 'url': 'https://pokeapi.co/api/v2/move/275/'}, 'version_group_details': [{'level_learned_at': 0, 'version_group': {'name': 'diamond-pearl', 'url': 'https://pokeapi.co/api/v2/version-group/8/'}, 'move_learn_method': {'name': 'egg', 'url': 'https://pokeapi.co/api/v2/move-learn-method/2/'}, 'order': None}, {'level_learned_at': 0, 'version_group': {'name': 'platinum', 'url': 'https://pokeapi.co/api/v2/version-group/9/'}, 'move_learn_method': {'name': 'egg', 'url': 'https://pokeapi.co/api/v2/move-learn-method/2/'}, 'order': None}, {'level_learned_at': 0, 'version_group': {'name': 'heartgold-soulsilver', 'url': 'https://pokeapi.co/api/v2/version-group/10/'}, 'move_learn_method': {'name': 'egg', 'url': 'https://pokeapi.co/api/v2/move-learn-method/2/'}, 'order': None}, {'level_learned_at': 0, 'version_group': {'name': 'black-white', 'url': 'https://pokeapi.co/api/v2/version-group/11/'}, 'move_learn_method': {'name': 'egg', 'url': 'https://pokeapi.co/api/v2/move-learn-method/2/'}, 'order': None}, {'level_learned_at': 0, 'version_group': {'name': 'black-2-white-2', 'url': 'https://pokeapi.co/api/v2/version-group/14/'}, 'move_learn_method': {'name': 'egg', 'url': 'https://pokeapi.co/api/v2/move-learn-method/2/'}, 'order': None}, {'level_learned_at': 0, 'version_group': {'name': 'x-y', 'url': 'https://pokeapi.co/api/v2/version-group/15/'}, 'move_learn_method': {'name': 'egg', 'url': 'https://pokeapi.co/api/v2/move-learn-method/2/'}, 'order': None}, {'level_learned_at': 0, 'version_group': {'name': 'omega-ruby-alpha-sapphire', 'url': 'https://pokeapi.co/api/v2/version-group/16/'}, 'move_learn_method': {'name': 'egg', 'url': 'https://pokeapi.co/api/v2/move-learn-method/2/'}, 'order': None}, {'level_learned_at': 0, 'version_group': {'name': 'sun-moon', 'url': 'https://pokeapi.co/api/v2/version-group/17/'}, 'move_learn_method': {'name': 'egg', 'url': 'https://pokeapi.co/api/v2/move-learn-method/2/'}, 'order': None}, {'level_learned_at': 0, 'version_group': {'name': 'ultra-sun-ultra-moon', 'url': 'https://pokeapi.co/api/v2/version-group/18/'}, 'move_learn_method': {'name': 'egg', 'url': 'https://pokeapi.co/api/v2/move-learn-method/2/'}, 'order': None}, {'level_learned_at': 0, 'version_group': {'name': 'sword-shield', 'url': 'https://pokeapi.co/api/v2/version-group/20/'}, 'move_learn_method': {'name': 'egg', 'url': 'https://pokeapi.co/api/v2/move-learn-method/2/'}, 'order': None}, {'level_learned_at': 0, 'version_group': {'name': 'brilliant-diamond-shining-pearl', 'url': 'https://pokeapi.co/api/v2/version-group/23/'}, 'move_learn_method': {'name': 'egg', 'url': 'https://pokeapi.co/api/v2/move-learn-method/2/'}, 'order': None}, {'level_learned_at': 0, 'version_group': {'name': 'scarlet-violet', 'url': 'https://pokeapi.co/api/v2/version-group/25/'}, 'move_learn_method': {'name': 'egg', 'url': 'https://pokeapi.co/api/v2/move-learn-method/2/'}, 'order': None}]}, {'move': {'name': 'knock-off', 'url': 'https://pokeapi.co/api/v2/move/282/'}, 'version_group_details': [{'level_learned_at': 0, 'version_group': {'name': 'platinum', 'url': 'https://pokeapi.co/api/v2/version-group/9/'}, 'move_learn_method': {'name': 'tutor', 'url': 'https://pokeapi.co/api/v2/move-learn-method/3/'}, 'order': None}, {'level_learned_at': 0, 'version_group': {'name': 'heartgold-soulsilver', 'url': 'https://pokeapi.co/api/v2/version-group/10/'}, 'move_learn_method': {'name': 'tutor', 'url': 'https://pokeapi.co/api/v2/move-learn-method/3/'}, 'order': None}, {'level_learned_at': 0, 'version_group': {'name': 'black-2-white-2', 'url': 'https://pokeapi.co/api/v2/version-group/14/'}, 'move_learn_method': {'name': 'tutor', 'url': 'https://pokeapi.co/api/v2/move-learn-method/3/'}, 'order': None}, {'level_learned_at': 0, 'version_group': {'name': 'omega-ruby-alpha-sapphire', 'url': 'https://pokeapi.co/api/v2/version-group/16/'}, 'move_learn_method': {'name': 'tutor', 'url': 'https://pokeapi.co/api/v2/move-learn-method/3/'}, 'order': None}, {'level_learned_at': 0, 'version_group': {'name': 'ultra-sun-ultra-moon', 'url': 'https://pokeapi.co/api/v2/version-group/18/'}, 'move_learn_method': {'name': 'tutor', 'url': 'https://pokeapi.co/api/v2/move-learn-method/3/'}, 'order': None}, {'level_learned_at': 0, 'version_group': {'name': 'scarlet-violet', 'url': 'https://pokeapi.co/api/v2/version-group/25/'}, 'move_learn_method': {'name': 'machine', 'url': 'https://pokeapi.co/api/v2/move-learn-method/4/'}, 'order': None}]}, {'move': {'name': 'secret-power', 'url': 'https://pokeapi.co/api/v2/move/290/'}, 'version_group_details': [{'level_learned_at': 0, 'version_group': {'name': 'ruby-sapphire', 'url': 'https://pokeapi.co/api/v2/version-group/5/'}, 'move_learn_method': {'name': 'machine', 'url': 'https://pokeapi.co/api/v2/move-learn-method/4/'}, 'order': None}, {'level_learned_at': 0, 'version_group': {'name': 'emerald', 'url': 'https://pokeapi.co/api/v2/version-group/6/'}, 'move_learn_method': {'name': 'machine', 'url': 'https://pokeapi.co/api/v2/move-learn-method/4/'}, 'order': None}, {'level_learned_at': 0, 'version_group': {'name': 'firered-leafgreen', 'url': 'https://pokeapi.co/api/v2/version-group/7/'}, 'move_learn_method': {'name': 'machine', 'url': 'https://pokeapi.co/api/v2/move-learn-method/4/'}, 'order': None}, {'level_learned_at': 0, 'version_group': {'name': 'diamond-pearl', 'url': 'https://pokeapi.co/api/v2/version-group/8/'}, 'move_learn_method': {'name': 'machine', 'url': 'https://pokeapi.co/api/v2/move-learn-method/4/'}, 'order': None}, {'level_learned_at': 0, 'version_group': {'name': 'platinum', 'url': 'https://pokeapi.co/api/v2/version-group/9/'}, 'move_learn_method': {'name': 'machine', 'url': 'https://pokeapi.co/api/v2/move-learn-method/4/'}, 'order': None}, {'level_learned_at': 0, 'version_group': {'name': 'heartgold-soulsilver', 'url': 'https://pokeapi.co/api/v2/version-group/10/'}, 'move_learn_method': {'name': 'machine', 'url': 'https://pokeapi.co/api/v2/move-learn-method/4/'}, 'order': None}, {'level_learned_at': 0, 'version_group': {'name': 'colosseum', 'url': 'https://pokeapi.co/api/v2/version-group/12/'}, 'move_learn_method': {'name': 'machine', 'url': 'https://pokeapi.co/api/v2/move-learn-method/4/'}, 'order': None}, {'level_learned_at': 0, 'version_group': {'name': 'xd', 'url': 'https://pokeapi.co/api/v2/version-group/13/'}, 'move_learn_method': {'name': 'machine', 'url': 'https://pokeapi.co/api/v2/move-learn-method/4/'}, 'order': None}, {'level_learned_at': 0, 'version_group': {'name': 'omega-ruby-alpha-sapphire', 'url': 'https://pokeapi.co/api/v2/version-group/16/'}, 'move_learn_method': {'name': 'machine', 'url': 'https://pokeapi.co/api/v2/move-learn-method/4/'}, 'order': None}]}, {'move': {'name': 'weather-ball', 'url': 'https://pokeapi.co/api/v2/move/311/'}, 'version_group_details': [{'level_learned_at': 0, 'version_group': {'name': 'sword-shield', 'url': 'https://pokeapi.co/api/v2/version-group/20/'}, 'move_learn_method': {'name': 'machine', 'url': 'https://pokeapi.co/api/v2/move-learn-method/4/'}, 'order': None}, {'level_learned_at': 0, 'version_group': {'name': 'scarlet-violet', 'url': 'https://pokeapi.co/api/v2/version-group/25/'}, 'move_learn_method': {'name': 'machine', 'url': 'https://pokeapi.co/api/v2/move-learn-method/4/'}, 'order': None}]}, {'move': {'name': 'grass-whistle', 'url': 'https://pokeapi.co/api/v2/move/320/'}, 'version_group_details': [{'level_learned_at': 0, 'version_group': {'name': 'ruby-sapphire', 'url': 'https://pokeapi.co/api/v2/version-group/5/'}, 'move_learn_method': {'name': 'egg', 'url': 'https://pokeapi.co/api/v2/move-learn-method/2/'}, 'order': None}, {'level_learned_at': 0, 'version_group': {'name': 'emerald', 'url': 'https://pokeapi.co/api/v2/version-group/6/'}, 'move_learn_method': {'name': 'egg', 'url': 'https://pokeapi.co/api/v2/move-learn-method/2/'}, 'order': None}, {'level_learned_at': 0, 'version_group': {'name': 'firered-leafgreen', 'url': 'https://pokeapi.co/api/v2/version-group/7/'}, 'move_learn_method': {'name': 'egg', 'url': 'https://pokeapi.co/api/v2/move-learn-method/2/'}, 'order': None}, {'level_learned_at': 0, 'version_group': {'name': 'diamond-pearl', 'url': 'https://pokeapi.co/api/v2/version-group/8/'}, 'move_learn_method': {'name': 'egg', 'url': 'https://pokeapi.co/api/v2/move-learn-method/2/'}, 'order': None}, {'level_learned_at': 0, 'version_group': {'name': 'platinum', 'url': 'https://pokeapi.co/api/v2/version-group/9/'}, 'move_learn_method': {'name': 'egg', 'url': 'https://pokeapi.co/api/v2/move-learn-method/2/'}, 'order': None}, {'level_learned_at': 0, 'version_group': {'name': 'heartgold-soulsilver', 'url': 'https://pokeapi.co/api/v2/version-group/10/'}, 'move_learn_method': {'name': 'egg', 'url': 'https://pokeapi.co/api/v2/move-learn-method/2/'}, 'order': None}, {'level_learned_at': 0, 'version_group': {'name': 'black-white', 'url': 'https://pokeapi.co/api/v2/version-group/11/'}, 'move_learn_method': {'name': 'egg', 'url': 'https://pokeapi.co/api/v2/move-learn-method/2/'}, 'order': None}, {'level_learned_at': 0, 'version_group': {'name': 'black-2-white-2', 'url': 'https://pokeapi.co/api/v2/version-group/14/'}, 'move_learn_method': {'name': 'egg', 'url': 'https://pokeapi.co/api/v2/move-learn-method/2/'}, 'order': None}, {'level_learned_at': 0, 'version_group': {'name': 'x-y', 'url': 'https://pokeapi.co/api/v2/version-group/15/'}, 'move_learn_method': {'name': 'egg', 'url': 'https://pokeapi.co/api/v2/move-learn-method/2/'}, 'order': None}, {'level_learned_at': 0, 'version_group': {'name': 'omega-ruby-alpha-sapphire', 'url': 'https://pokeapi.co/api/v2/version-group/16/'}, 'move_learn_method': {'name': 'egg', 'url': 'https://pokeapi.co/api/v2/move-learn-method/2/'}, 'order': None}, {'level_learned_at': 0, 'version_group': {'name': 'sun-moon', 'url': 'https://pokeapi.co/api/v2/version-group/17/'}, 'move_learn_method': {'name': 'egg', 'url': 'https://pokeapi.co/api/v2/move-learn-method/2/'}, 'order': None}, {'level_learned_at': 0, 'version_group': {'name': 'ultra-sun-ultra-moon', 'url': 'https://pokeapi.co/api/v2/version-group/18/'}, 'move_learn_method': {'name': 'egg', 'url': 'https://pokeapi.co/api/v2/move-learn-method/2/'}, 'order': None}]}, {'move': {'name': 'bullet-seed', 'url': 'https://pokeapi.co/api/v2/move/331/'}, 'version_group_details': [{'level_learned_at': 0, 'version_group': {'name': 'ruby-sapphire', 'url': 'https://pokeapi.co/api/v2/version-group/5/'}, 'move_learn_method': {'name': 'machine', 'url': 'https://pokeapi.co/api/v2/move-learn-method/4/'}, 'order': None}, {'level_learned_at': 0, 'version_group': {'name': 'emerald', 'url': 'https://pokeapi.co/api/v2/version-group/6/'}, 'move_learn_method': {'name': 'machine', 'url': 'https://pokeapi.co/api/v2/move-learn-method/4/'}, 'order': None}, {'level_learned_at': 0, 'version_group': {'name': 'firered-leafgreen', 'url': 'https://pokeapi.co/api/v2/version-group/7/'}, 'move_learn_method': {'name': 'machine', 'url': 'https://pokeapi.co/api/v2/move-learn-method/4/'}, 'order': None}, {'level_learned_at': 0, 'version_group': {'name': 'diamond-pearl', 'url': 'https://pokeapi.co/api/v2/version-group/8/'}, 'move_learn_method': {'name': 'machine', 'url': 'https://pokeapi.co/api/v2/move-learn-method/4/'}, 'order': None}, {'level_learned_at': 0, 'version_group': {'name': 'platinum', 'url': 'https://pokeapi.co/api/v2/version-group/9/'}, 'move_learn_method': {'name': 'machine', 'url': 'https://pokeapi.co/api/v2/move-learn-method/4/'}, 'order': None}, {'level_learned_at': 0, 'version_group': {'name': 'heartgold-soulsilver', 'url': 'https://pokeapi.co/api/v2/version-group/10/'}, 'move_learn_method': {'name': 'machine', 'url': 'https://pokeapi.co/api/v2/move-learn-method/4/'}, 'order': None}, {'level_learned_at': 0, 'version_group': {'name': 'colosseum', 'url': 'https://pokeapi.co/api/v2/version-group/12/'}, 'move_learn_method': {'name': 'machine', 'url': 'https://pokeapi.co/api/v2/move-learn-method/4/'}, 'order': None}, {'level_learned_at': 0, 'version_group': {'name': 'xd', 'url': 'https://pokeapi.co/api/v2/version-group/13/'}, 'move_learn_method': {'name': 'machine', 'url': 'https://pokeapi.co/api/v2/move-learn-method/4/'}, 'order': None}, {'level_learned_at': 0, 'version_group': {'name': 'sword-shield', 'url': 'https://pokeapi.co/api/v2/version-group/20/'}, 'move_learn_method': {'name': 'machine', 'url': 'https://pokeapi.co/api/v2/move-learn-method/4/'}, 'order': None}, {'level_learned_at': 0, 'version_group': {'name': 'brilliant-diamond-shining-pearl', 'url': 'https://pokeapi.co/api/v2/version-group/23/'}, 'move_learn_method': {'name': 'machine', 'url': 'https://pokeapi.co/api/v2/move-learn-method/4/'}, 'order': None}, {'level_learned_at': 0, 'version_group': {'name': 'scarlet-violet', 'url': 'https://pokeapi.co/api/v2/version-group/25/'}, 'move_learn_method': {'name': 'machine', 'url': 'https://pokeapi.co/api/v2/move-learn-method/4/'}, 'order': None}]}, {'move': {'name': 'magical-leaf', 'url': 'https://pokeapi.co/api/v2/move/345/'}, 'version_group_details': [{'level_learned_at': 0, 'version_group': {'name': 'ruby-sapphire', 'url': 'https://pokeapi.co/api/v2/version-group/5/'}, 'move_learn_method': {'name': 'egg', 'url': 'https://pokeapi.co/api/v2/move-learn-method/2/'}, 'order': None}, {'level_learned_at': 0, 'version_group': {'name': 'emerald', 'url': 'https://pokeapi.co/api/v2/version-group/6/'}, 'move_learn_method': {'name': 'egg', 'url': 'https://pokeapi.co/api/v2/move-learn-method/2/'}, 'order': None}, {'level_learned_at': 0, 'version_group': {'name': 'firered-leafgreen', 'url': 'https://pokeapi.co/api/v2/version-group/7/'}, 'move_learn_method': {'name': 'egg', 'url': 'https://pokeapi.co/api/v2/move-learn-method/2/'}, 'order': None}, {'level_learned_at': 0, 'version_group': {'name': 'diamond-pearl', 'url': 'https://pokeapi.co/api/v2/version-group/8/'}, 'move_learn_method': {'name': 'egg', 'url': 'https://pokeapi.co/api/v2/move-learn-method/2/'}, 'order': None}, {'level_learned_at': 0, 'version_group': {'name': 'platinum', 'url': 'https://pokeapi.co/api/v2/version-group/9/'}, 'move_learn_method': {'name': 'egg', 'url': 'https://pokeapi.co/api/v2/move-learn-method/2/'}, 'order': None}, {'level_learned_at': 0, 'version_group': {'name': 'heartgold-soulsilver', 'url': 'https://pokeapi.co/api/v2/version-group/10/'}, 'move_learn_method': {'name': 'egg', 'url': 'https://pokeapi.co/api/v2/move-learn-method/2/'}, 'order': None}, {'level_learned_at': 0, 'version_group': {'name': 'black-white', 'url': 'https://pokeapi.co/api/v2/version-group/11/'}, 'move_learn_method': {'name': 'egg', 'url': 'https://pokeapi.co/api/v2/move-learn-method/2/'}, 'order': None}, {'level_learned_at': 0, 'version_group': {'name': 'black-2-white-2', 'url': 'https://pokeapi.co/api/v2/version-group/14/'}, 'move_learn_method': {'name': 'egg', 'url': 'https://pokeapi.co/api/v2/move-learn-method/2/'}, 'order': None}, {'level_learned_at': 0, 'version_group': {'name': 'x-y', 'url': 'https://pokeapi.co/api/v2/version-group/15/'}, 'move_learn_method': {'name': 'egg', 'url': 'https://pokeapi.co/api/v2/move-learn-method/2/'}, 'order': None}, {'level_learned_at': 0, 'version_group': {'name': 'omega-ruby-alpha-sapphire', 'url': 'https://pokeapi.co/api/v2/version-group/16/'}, 'move_learn_method': {'name': 'egg', 'url': 'https://pokeapi.co/api/v2/move-learn-method/2/'}, 'order': None}, {'level_learned_at': 0, 'version_group': {'name': 'sun-moon', 'url': 'https://pokeapi.co/api/v2/version-group/17/'}, 'move_learn_method': {'name': 'egg', 'url': 'https://pokeapi.co/api/v2/move-learn-method/2/'}, 'order': None}, {'level_learned_at': 0, 'version_group': {'name': 'ultra-sun-ultra-moon', 'url': 'https://pokeapi.co/api/v2/version-group/18/'}, 'move_learn_method': {'name': 'egg', 'url': 'https://pokeapi.co/api/v2/move-learn-method/2/'}, 'order': None}, {'level_learned_at': 0, 'version_group': {'name': 'sword-shield', 'url': 'https://pokeapi.co/api/v2/version-group/20/'}, 'move_learn_method': {'name': 'machine', 'url': 'https://pokeapi.co/api/v2/move-learn-method/4/'}, 'order': None}, {'level_learned_at': 0, 'version_group': {'name': 'brilliant-diamond-shining-pearl', 'url': 'https://pokeapi.co/api/v2/version-group/23/'}, 'move_learn_method': {'name': 'egg', 'url': 'https://pokeapi.co/api/v2/move-learn-method/2/'}, 'order': None}, {'level_learned_at': 0, 'version_group': {'name': 'scarlet-violet', 'url': 'https://pokeapi.co/api/v2/version-group/25/'}, 'move_learn_method': {'name': 'machine', 'url': 'https://pokeapi.co/api/v2/move-learn-method/4/'}, 'order': None}]}, {'move': {'name': 'natural-gift', 'url': 'https://pokeapi.co/api/v2/move/363/'}, 'version_group_details': [{'level_learned_at': 0, 'version_group': {'name': 'diamond-pearl', 'url': 'https://pokeapi.co/api/v2/version-group/8/'}, 'move_learn_method': {'name': 'machine', 'url': 'https://pokeapi.co/api/v2/move-learn-method/4/'}, 'order': None}, {'level_learned_at': 0, 'version_group': {'name': 'platinum', 'url': 'https://pokeapi.co/api/v2/version-group/9/'}, 'move_learn_method': {'name': 'machine', 'url': 'https://pokeapi.co/api/v2/move-learn-method/4/'}, 'order': None}, {'level_learned_at': 0, 'version_group': {'name': 'heartgold-soulsilver', 'url': 'https://pokeapi.co/api/v2/version-group/10/'}, 'move_learn_method': {'name': 'machine', 'url': 'https://pokeapi.co/api/v2/move-learn-method/4/'}, 'order': None}]}, {'move': {'name': 'worry-seed', 'url': 'https://pokeapi.co/api/v2/move/388/'}, 'version_group_details': [{'level_learned_at': 31, 'version_group': {'name': 'diamond-pearl', 'url': 'https://pokeapi.co/api/v2/version-group/8/'}, 'move_learn_method': {'name': 'level-up', 'url': 'https://pokeapi.co/api/v2/move-learn-method/1/'}, 'order': None}, {'level_learned_at': 31, 'version_group': {'name': 'platinum', 'url': 'https://pokeapi.co/api/v2/version-group/9/'}, 'move_learn_method': {'name': 'level-up', 'url': 'https://pokeapi.co/api/v2/move-learn-method/1/'}, 'order': None}, {'level_learned_at': 31, 'version_group': {'name': 'heartgold-soulsilver', 'url': 'https://pokeapi.co/api/v2/version-group/10/'}, 'move_learn_method': {'name': 'level-up', 'url': 'https://pokeapi.co/api/v2/move-learn-method/1/'}, 'order': None}, {'level_learned_at': 0, 'version_group': {'name': 'heartgold-soulsilver', 'url': 'https://pokeapi.co/api/v2/version-group/10/'}, 'move_learn_method': {'name': 'tutor', 'url': 'https://pokeapi.co/api/v2/move-learn-method/3/'}, 'order': None}, {'level_learned_at': 31, 'version_group': {'name': 'black-white', 'url': 'https://pokeapi.co/api/v2/version-group/11/'}, 'move_learn_method': {'name': 'level-up', 'url': 'https://pokeapi.co/api/v2/move-learn-method/1/'}, 'order': None}, {'level_learned_at': 31, 'version_group': {'name': 'black-2-white-2', 'url': 'https://pokeapi.co/api/v2/version-group/14/'}, 'move_learn_method': {'name': 'level-up', 'url': 'https://pokeapi.co/api/v2/move-learn-method/1/'}, 'order': None}, {'level_learned_at': 0, 'version_group': {'name': 'black-2-white-2', 'url': 'https://pokeapi.co/api/v2/version-group/14/'}, 'move_learn_method': {'name': 'tutor', 'url': 'https://pokeapi.co/api/v2/move-learn-method/3/'}, 'order': None}, {'level_learned_at': 31, 'version_group': {'name': 'x-y', 'url': 'https://pokeapi.co/api/v2/version-group/15/'}, 'move_learn_method': {'name': 'level-up', 'url': 'https://pokeapi.co/api/v2/move-learn-method/1/'}, 'order': None}, {'level_learned_at': 31, 'version_group': {'name': 'omega-ruby-alpha-sapphire', 'url': 'https://pokeapi.co/api/v2/version-group/16/'}, 'move_learn_method': {'name': 'level-up', 'url': 'https://pokeapi.co/api/v2/move-learn-method/1/'}, 'order': None}, {'level_learned_at': 0, 'version_group': {'name': 'omega-ruby-alpha-sapphire', 'url': 'https://pokeapi.co/api/v2/version-group/16/'}, 'move_learn_method': {'name': 'tutor', 'url': 'https://pokeapi.co/api/v2/move-learn-method/3/'}, 'order': None}, {'level_learned_at': 31, 'version_group': {'name': 'sun-moon', 'url': 'https://pokeapi.co/api/v2/version-group/17/'}, 'move_learn_method': {'name': 'level-up', 'url': 'https://pokeapi.co/api/v2/move-learn-method/1/'}, 'order': None}, {'level_learned_at': 31, 'version_group': {'name': 'ultra-sun-ultra-moon', 'url': 'https://pokeapi.co/api/v2/version-group/18/'}, 'move_learn_method': {'name': 'level-up', 'url': 'https://pokeapi.co/api/v2/move-learn-method/1/'}, 'order': None}, {'level_learned_at': 0, 'version_group': {'name': 'ultra-sun-ultra-moon', 'url': 'https://pokeapi.co/api/v2/version-group/18/'}, 'move_learn_method': {'name': 'tutor', 'url': 'https://pokeapi.co/api/v2/move-learn-method/3/'}, 'order': None}, {'level_learned_at': 30, 'version_group': {'name': 'sword-shield', 'url': 'https://pokeapi.co/api/v2/version-group/20/'}, 'move_learn_method': {'name': 'level-up', 'url': 'https://pokeapi.co/api/v2/move-learn-method/1/'}, 'order': None}, {'level_learned_at': 30, 'version_group': {'name': 'brilliant-diamond-shining-pearl', 'url': 'https://pokeapi.co/api/v2/version-group/23/'}, 'move_learn_method': {'name': 'level-up', 'url': 'https://pokeapi.co/api/v2/move-learn-method/1/'}, 'order': None}, {'level_learned_at': 30, 'version_group': {'name': 'scarlet-violet', 'url': 'https://pokeapi.co/api/v2/version-group/25/'}, 'move_learn_method': {'name': 'level-up', 'url': 'https://pokeapi.co/api/v2/move-learn-method/1/'}, 'order': None}]}, {'move': {'name': 'seed-bomb', 'url': 'https://pokeapi.co/api/v2/move/402/'}, 'version_group_details': [{'level_learned_at': 37, 'version_group': {'name': 'diamond-pearl', 'url': 'https://pokeapi.co/api/v2/version-group/8/'}, 'move_learn_method': {'name': 'level-up', 'url': 'https://pokeapi.co/api/v2/move-learn-method/1/'}, 'order': None}, {'level_learned_at': 37, 'version_group': {'name': 'platinum', 'url': 'https://pokeapi.co/api/v2/version-group/9/'}, 'move_learn_method': {'name': 'level-up', 'url': 'https://pokeapi.co/api/v2/move-learn-method/1/'}, 'order': None}, {'level_learned_at': 0, 'version_group': {'name': 'platinum', 'url': 'https://pokeapi.co/api/v2/version-group/9/'}, 'move_learn_method': {'name': 'tutor', 'url': 'https://pokeapi.co/api/v2/move-learn-method/3/'}, 'order': None}, {'level_learned_at': 37, 'version_group': {'name': 'heartgold-soulsilver', 'url': 'https://pokeapi.co/api/v2/version-group/10/'}, 'move_learn_method': {'name': 'level-up', 'url': 'https://pokeapi.co/api/v2/move-learn-method/1/'}, 'order': None}, {'level_learned_at': 0, 'version_group': {'name': 'heartgold-soulsilver', 'url': 'https://pokeapi.co/api/v2/version-group/10/'}, 'move_learn_method': {'name': 'tutor', 'url': 'https://pokeapi.co/api/v2/move-learn-method/3/'}, 'order': None}, {'level_learned_at': 37, 'version_group': {'name': 'black-white', 'url': 'https://pokeapi.co/api/v2/version-group/11/'}, 'move_learn_method': {'name': 'level-up', 'url': 'https://pokeapi.co/api/v2/move-learn-method/1/'}, 'order': None}, {'level_learned_at': 37, 'version_group': {'name': 'black-2-white-2', 'url': 'https://pokeapi.co/api/v2/version-group/14/'}, 'move_learn_method': {'name': 'level-up', 'url': 'https://pokeapi.co/api/v2/move-learn-method/1/'}, 'order': None}, {'level_learned_at': 0, 'version_group': {'name': 'black-2-white-2', 'url': 'https://pokeapi.co/api/v2/version-group/14/'}, 'move_learn_method': {'name': 'tutor', 'url': 'https://pokeapi.co/api/v2/move-learn-method/3/'}, 'order': None}, {'level_learned_at': 37, 'version_group': {'name': 'x-y', 'url': 'https://pokeapi.co/api/v2/version-group/15/'}, 'move_learn_method': {'name': 'level-up', 'url': 'https://pokeapi.co/api/v2/move-learn-method/1/'}, 'order': None}, {'level_learned_at': 37, 'version_group': {'name': 'omega-ruby-alpha-sapphire', 'url': 'https://pokeapi.co/api/v2/version-group/16/'}, 'move_learn_method': {'name': 'level-up', 'url': 'https://pokeapi.co/api/v2/move-learn-method/1/'}, 'order': None}, {'level_learned_at': 0, 'version_group': {'name': 'omega-ruby-alpha-sapphire', 'url': 'https://pokeapi.co/api/v2/version-group/16/'}, 'move_learn_method': {'name': 'tutor', 'url': 'https://pokeapi.co/api/v2/move-learn-method/3/'}, 'order': None}, {'level_learned_at': 37, 'version_group': {'name': 'sun-moon', 'url': 'https://pokeapi.co/api/v2/version-group/17/'}, 'move_learn_method': {'name': 'level-up', 'url': 'https://pokeapi.co/api/v2/move-learn-method/1/'}, 'order': None}, {'level_learned_at': 37, 'version_group': {'name': 'ultra-sun-ultra-moon', 'url': 'https://pokeapi.co/api/v2/version-group/18/'}, 'move_learn_method': {'name': 'level-up', 'url': 'https://pokeapi.co/api/v2/move-learn-method/1/'}, 'order': None}, {'level_learned_at': 0, 'version_group': {'name': 'ultra-sun-ultra-moon', 'url': 'https://pokeapi.co/api/v2/version-group/18/'}, 'move_learn_method': {'name': 'tutor', 'url': 'https://pokeapi.co/api/v2/move-learn-method/3/'}, 'order': None}, {'level_learned_at': 18, 'version_group': {'name': 'sword-shield', 'url': 'https://pokeapi.co/api/v2/version-group/20/'}, 'move_learn_method': {'name': 'level-up', 'url': 'https://pokeapi.co/api/v2/move-learn-method/1/'}, 'order': None}, {'level_learned_at': 0, 'version_group': {'name': 'sword-shield', 'url': 'https://pokeapi.co/api/v2/version-group/20/'}, 'move_learn_method': {'name': 'machine', 'url': 'https://pokeapi.co/api/v2/move-learn-method/4/'}, 'order': None}, {'level_learned_at': 18, 'version_group': {'name': 'brilliant-diamond-shining-pearl', 'url': 'https://pokeapi.co/api/v2/version-group/23/'}, 'move_learn_method': {'name': 'level-up', 'url': 'https://pokeapi.co/api/v2/move-learn-method/1/'}, 'order': None}, {'level_learned_at': 18, 'version_group': {'name': 'scarlet-violet', 'url': 'https://pokeapi.co/api/v2/version-group/25/'}, 'move_learn_method': {'name': 'level-up', 'url': 'https://pokeapi.co/api/v2/move-learn-method/1/'}, 'order': None}, {'level_learned_at': 0, 'version_group': {'name': 'scarlet-violet', 'url': 'https://pokeapi.co/api/v2/version-group/25/'}, 'move_learn_method': {'name': 'machine', 'url': 'https://pokeapi.co/api/v2/move-learn-method/4/'}, 'order': None}]}, {'move': {'name': 'energy-ball', 'url': 'https://pokeapi.co/api/v2/move/412/'}, 'version_group_details': [{'level_learned_at': 0, 'version_group': {'name': 'diamond-pearl', 'url': 'https://pokeapi.co/api/v2/version-group/8/'}, 'move_learn_method': {'name': 'machine', 'url': 'https://pokeapi.co/api/v2/move-learn-method/4/'}, 'order': None}, {'level_learned_at': 0, 'version_group': {'name': 'platinum', 'url': 'https://pokeapi.co/api/v2/version-group/9/'}, 'move_learn_method': {'name': 'machine', 'url': 'https://pokeapi.co/api/v2/move-learn-method/4/'}, 'order': None}, {'level_learned_at': 0, 'version_group': {'name': 'heartgold-soulsilver', 'url': 'https://pokeapi.co/api/v2/version-group/10/'}, 'move_learn_method': {'name': 'machine', 'url': 'https://pokeapi.co/api/v2/move-learn-method/4/'}, 'order': None}, {'level_learned_at': 0, 'version_group': {'name': 'black-white', 'url': 'https://pokeapi.co/api/v2/version-group/11/'}, 'move_learn_method': {'name': 'machine', 'url': 'https://pokeapi.co/api/v2/move-learn-method/4/'}, 'order': None}, {'level_learned_at': 0, 'version_group': {'name': 'black-2-white-2', 'url': 'https://pokeapi.co/api/v2/version-group/14/'}, 'move_learn_method': {'name': 'machine', 'url': 'https://pokeapi.co/api/v2/move-learn-method/4/'}, 'order': None}, {'level_learned_at': 0, 'version_group': {'name': 'x-y', 'url': 'https://pokeapi.co/api/v2/version-group/15/'}, 'move_learn_method': {'name': 'machine', 'url': 'https://pokeapi.co/api/v2/move-learn-method/4/'}, 'order': None}, {'level_learned_at': 0, 'version_group': {'name': 'omega-ruby-alpha-sapphire', 'url': 'https://pokeapi.co/api/v2/version-group/16/'}, 'move_learn_method': {'name': 'machine', 'url': 'https://pokeapi.co/api/v2/move-learn-method/4/'}, 'order': None}, {'level_learned_at': 0, 'version_group': {'name': 'sun-moon', 'url': 'https://pokeapi.co/api/v2/version-group/17/'}, 'move_learn_method': {'name': 'machine', 'url': 'https://pokeapi.co/api/v2/move-learn-method/4/'}, 'order': None}, {'level_learned_at': 0, 'version_group': {'name': 'ultra-sun-ultra-moon', 'url': 'https://pokeapi.co/api/v2/version-group/18/'}, 'move_learn_method': {'name': 'machine', 'url': 'https://pokeapi.co/api/v2/move-learn-method/4/'}, 'order': None}, {'level_learned_at': 0, 'version_group': {'name': 'sword-shield', 'url': 'https://pokeapi.co/api/v2/version-group/20/'}, 'move_learn_method': {'name': 'machine', 'url': 'https://pokeapi.co/api/v2/move-learn-method/4/'}, 'order': None}, {'level_learned_at': 0, 'version_group': {'name': 'brilliant-diamond-shining-pearl', 'url': 'https://pokeapi.co/api/v2/version-group/23/'}, 'move_learn_method': {'name': 'machine', 'url': 'https://pokeapi.co/api/v2/move-learn-method/4/'}, 'order': None}, {'level_learned_at': 0, 'version_group': {'name': 'scarlet-violet', 'url': 'https://pokeapi.co/api/v2/version-group/25/'}, 'move_learn_method': {'name': 'machine', 'url': 'https://pokeapi.co/api/v2/move-learn-method/4/'}, 'order': None}]}, {'move': {'name': 'leaf-storm', 'url': 'https://pokeapi.co/api/v2/move/437/'}, 'version_group_details': [{'level_learned_at': 0, 'version_group': {'name': 'diamond-pearl', 'url': 'https://pokeapi.co/api/v2/version-group/8/'}, 'move_learn_method': {'name': 'egg', 'url': 'https://pokeapi.co/api/v2/move-learn-method/2/'}, 'order': None}, {'level_learned_at': 0, 'version_group': {'name': 'platinum', 'url': 'https://pokeapi.co/api/v2/version-group/9/'}, 'move_learn_method': {'name': 'egg', 'url': 'https://pokeapi.co/api/v2/move-learn-method/2/'}, 'order': None}, {'level_learned_at': 0, 'version_group': {'name': 'heartgold-soulsilver', 'url': 'https://pokeapi.co/api/v2/version-group/10/'}, 'move_learn_method': {'name': 'egg', 'url': 'https://pokeapi.co/api/v2/move-learn-method/2/'}, 'order': None}, {'level_learned_at': 0, 'version_group': {'name': 'black-white', 'url': 'https://pokeapi.co/api/v2/version-group/11/'}, 'move_learn_method': {'name': 'egg', 'url': 'https://pokeapi.co/api/v2/move-learn-method/2/'}, 'order': None}, {'level_learned_at': 0, 'version_group': {'name': 'black-2-white-2', 'url': 'https://pokeapi.co/api/v2/version-group/14/'}, 'move_learn_method': {'name': 'egg', 'url': 'https://pokeapi.co/api/v2/move-learn-method/2/'}, 'order': None}, {'level_learned_at': 0, 'version_group': {'name': 'x-y', 'url': 'https://pokeapi.co/api/v2/version-group/15/'}, 'move_learn_method': {'name': 'egg', 'url': 'https://pokeapi.co/api/v2/move-learn-method/2/'}, 'order': None}, {'level_learned_at': 0, 'version_group': {'name': 'omega-ruby-alpha-sapphire', 'url': 'https://pokeapi.co/api/v2/version-group/16/'}, 'move_learn_method': {'name': 'egg', 'url': 'https://pokeapi.co/api/v2/move-learn-method/2/'}, 'order': None}, {'level_learned_at': 0, 'version_group': {'name': 'sun-moon', 'url': 'https://pokeapi.co/api/v2/version-group/17/'}, 'move_learn_method': {'name': 'egg', 'url': 'https://pokeapi.co/api/v2/move-learn-method/2/'}, 'order': None}, {'level_learned_at': 0, 'version_group': {'name': 'ultra-sun-ultra-moon', 'url': 'https://pokeapi.co/api/v2/version-group/18/'}, 'move_learn_method': {'name': 'egg', 'url': 'https://pokeapi.co/api/v2/move-learn-method/2/'}, 'order': None}, {'level_learned_at': 0, 'version_group': {'name': 'sword-shield', 'url': 'https://pokeapi.co/api/v2/version-group/20/'}, 'move_learn_method': {'name': 'machine', 'url': 'https://pokeapi.co/api/v2/move-learn-method/4/'}, 'order': None}, {'level_learned_at': 0, 'version_group': {'name': 'brilliant-diamond-shining-pearl', 'url': 'https://pokeapi.co/api/v2/version-group/23/'}, 'move_learn_method': {'name': 'egg', 'url': 'https://pokeapi.co/api/v2/move-learn-method/2/'}, 'order': None}, {'level_learned_at': 0, 'version_group': {'name': 'scarlet-violet', 'url': 'https://pokeapi.co/api/v2/version-group/25/'}, 'move_learn_method': {'name': 'machine', 'url': 'https://pokeapi.co/api/v2/move-learn-method/4/'}, 'order': None}]}, {'move': {'name': 'power-whip', 'url': 'https://pokeapi.co/api/v2/move/438/'}, 'version_group_details': [{'level_learned_at': 0, 'version_group': {'name': 'heartgold-soulsilver', 'url': 'https://pokeapi.co/api/v2/version-group/10/'}, 'move_learn_method': {'name': 'egg', 'url': 'https://pokeapi.co/api/v2/move-learn-method/2/'}, 'order': None}, {'level_learned_at': 0, 'version_group': {'name': 'black-white', 'url': 'https://pokeapi.co/api/v2/version-group/11/'}, 'move_learn_method': {'name': 'egg', 'url': 'https://pokeapi.co/api/v2/move-learn-method/2/'}, 'order': None}, {'level_learned_at': 0, 'version_group': {'name': 'black-2-white-2', 'url': 'https://pokeapi.co/api/v2/version-group/14/'}, 'move_learn_method': {'name': 'egg', 'url': 'https://pokeapi.co/api/v2/move-learn-method/2/'}, 'order': None}, {'level_learned_at': 0, 'version_group': {'name': 'x-y', 'url': 'https://pokeapi.co/api/v2/version-group/15/'}, 'move_learn_method': {'name': 'egg', 'url': 'https://pokeapi.co/api/v2/move-learn-method/2/'}, 'order': None}, {'level_learned_at': 0, 'version_group': {'name': 'omega-ruby-alpha-sapphire', 'url': 'https://pokeapi.co/api/v2/version-group/16/'}, 'move_learn_method': {'name': 'egg', 'url': 'https://pokeapi.co/api/v2/move-learn-method/2/'}, 'order': None}, {'level_learned_at': 0, 'version_group': {'name': 'sun-moon', 'url': 'https://pokeapi.co/api/v2/version-group/17/'}, 'move_learn_method': {'name': 'egg', 'url': 'https://pokeapi.co/api/v2/move-learn-method/2/'}, 'order': None}, {'level_learned_at': 0, 'version_group': {'name': 'ultra-sun-ultra-moon', 'url': 'https://pokeapi.co/api/v2/version-group/18/'}, 'move_learn_method': {'name': 'egg', 'url': 'https://pokeapi.co/api/v2/move-learn-method/2/'}, 'order': None}, {'level_learned_at': 0, 'version_group': {'name': 'sword-shield', 'url': 'https://pokeapi.co/api/v2/version-group/20/'}, 'move_learn_method': {'name': 'machine', 'url': 'https://pokeapi.co/api/v2/move-learn-method/4/'}, 'order': None}, {'level_learned_at': 0, 'version_group': {'name': 'brilliant-diamond-shining-pearl', 'url': 'https://pokeapi.co/api/v2/version-group/23/'}, 'move_learn_method': {'name': 'egg', 'url': 'https://pokeapi.co/api/v2/move-learn-method/2/'}, 'order': None}, {'level_learned_at': 33, 'version_group': {'name': 'scarlet-violet', 'url': 'https://pokeapi.co/api/v2/version-group/25/'}, 'move_learn_method': {'name': 'level-up', 'url': 'https://pokeapi.co/api/v2/move-learn-method/1/'}, 'order': None}]}, {'move': {'name': 'captivate', 'url': 'https://pokeapi.co/api/v2/move/445/'}, 'version_group_details': [{'level_learned_at': 0, 'version_group': {'name': 'diamond-pearl', 'url': 'https://pokeapi.co/api/v2/version-group/8/'}, 'move_learn_method': {'name': 'machine', 'url': 'https://pokeapi.co/api/v2/move-learn-method/4/'}, 'order': None}, {'level_learned_at': 0, 'version_group': {'name': 'platinum', 'url': 'https://pokeapi.co/api/v2/version-group/9/'}, 'move_learn_method': {'name': 'machine', 'url': 'https://pokeapi.co/api/v2/move-learn-method/4/'}, 'order': None}, {'level_learned_at': 0, 'version_group': {'name': 'heartgold-soulsilver', 'url': 'https://pokeapi.co/api/v2/version-group/10/'}, 'move_learn_method': {'name': 'machine', 'url': 'https://pokeapi.co/api/v2/move-learn-method/4/'}, 'order': None}]}, {'move': {'name': 'grass-knot', 'url': 'https://pokeapi.co/api/v2/move/447/'}, 'version_group_details': [{'level_learned_at': 0, 'version_group': {'name': 'diamond-pearl', 'url': 'https://pokeapi.co/api/v2/version-group/8/'}, 'move_learn_method': {'name': 'machine', 'url': 'https://pokeapi.co/api/v2/move-learn-method/4/'}, 'order': None}, {'level_learned_at': 0, 'version_group': {'name': 'platinum', 'url': 'https://pokeapi.co/api/v2/version-group/9/'}, 'move_learn_method': {'name': 'machine', 'url': 'https://pokeapi.co/api/v2/move-learn-method/4/'}, 'order': None}, {'level_learned_at': 0, 'version_group': {'name': 'heartgold-soulsilver', 'url': 'https://pokeapi.co/api/v2/version-group/10/'}, 'move_learn_method': {'name': 'machine', 'url': 'https://pokeapi.co/api/v2/move-learn-method/4/'}, 'order': None}, {'level_learned_at': 0, 'version_group': {'name': 'black-white', 'url': 'https://pokeapi.co/api/v2/version-group/11/'}, 'move_learn_method': {'name': 'machine', 'url': 'https://pokeapi.co/api/v2/move-learn-method/4/'}, 'order': None}, {'level_learned_at': 0, 'version_group': {'name': 'black-2-white-2', 'url': 'https://pokeapi.co/api/v2/version-group/14/'}, 'move_learn_method': {'name': 'machine', 'url': 'https://pokeapi.co/api/v2/move-learn-method/4/'}, 'order': None}, {'level_learned_at': 0, 'version_group': {'name': 'x-y', 'url': 'https://pokeapi.co/api/v2/version-group/15/'}, 'move_learn_method': {'name': 'machine', 'url': 'https://pokeapi.co/api/v2/move-learn-method/4/'}, 'order': None}, {'level_learned_at': 0, 'version_group': {'name': 'omega-ruby-alpha-sapphire', 'url': 'https://pokeapi.co/api/v2/version-group/16/'}, 'move_learn_method': {'name': 'machine', 'url': 'https://pokeapi.co/api/v2/move-learn-method/4/'}, 'order': None}, {'level_learned_at': 0, 'version_group': {'name': 'sun-moon', 'url': 'https://pokeapi.co/api/v2/version-group/17/'}, 'move_learn_method': {'name': 'machine', 'url': 'https://pokeapi.co/api/v2/move-learn-method/4/'}, 'order': None}, {'level_learned_at': 0, 'version_group': {'name': 'ultra-sun-ultra-moon', 'url': 'https://pokeapi.co/api/v2/version-group/18/'}, 'move_learn_method': {'name': 'machine', 'url': 'https://pokeapi.co/api/v2/move-learn-method/4/'}, 'order': None}, {'level_learned_at': 0, 'version_group': {'name': 'sword-shield', 'url': 'https://pokeapi.co/api/v2/version-group/20/'}, 'move_learn_method': {'name': 'machine', 'url': 'https://pokeapi.co/api/v2/move-learn-method/4/'}, 'order': None}, {'level_learned_at': 0, 'version_group': {'name': 'brilliant-diamond-shining-pearl', 'url': 'https://pokeapi.co/api/v2/version-group/23/'}, 'move_learn_method': {'name': 'machine', 'url': 'https://pokeapi.co/api/v2/move-learn-method/4/'}, 'order': None}, {'level_learned_at': 0, 'version_group': {'name': 'scarlet-violet', 'url': 'https://pokeapi.co/api/v2/version-group/25/'}, 'move_learn_method': {'name': 'machine', 'url': 'https://pokeapi.co/api/v2/move-learn-method/4/'}, 'order': None}]}, {'move': {'name': 'venoshock', 'url': 'https://pokeapi.co/api/v2/move/474/'}, 'version_group_details': [{'level_learned_at': 0, 'version_group': {'name': 'black-white', 'url': 'https://pokeapi.co/api/v2/version-group/11/'}, 'move_learn_method': {'name': 'machine', 'url': 'https://pokeapi.co/api/v2/move-learn-method/4/'}, 'order': None}, {'level_learned_at': 0, 'version_group': {'name': 'black-2-white-2', 'url': 'https://pokeapi.co/api/v2/version-group/14/'}, 'move_learn_method': {'name': 'machine', 'url': 'https://pokeapi.co/api/v2/move-learn-method/4/'}, 'order': None}, {'level_learned_at': 0, 'version_group': {'name': 'x-y', 'url': 'https://pokeapi.co/api/v2/version-group/15/'}, 'move_learn_method': {'name': 'machine', 'url': 'https://pokeapi.co/api/v2/move-learn-method/4/'}, 'order': None}, {'level_learned_at': 0, 'version_group': {'name': 'omega-ruby-alpha-sapphire', 'url': 'https://pokeapi.co/api/v2/version-group/16/'}, 'move_learn_method': {'name': 'machine', 'url': 'https://pokeapi.co/api/v2/move-learn-method/4/'}, 'order': None}, {'level_learned_at': 0, 'version_group': {'name': 'sun-moon', 'url': 'https://pokeapi.co/api/v2/version-group/17/'}, 'move_learn_method': {'name': 'machine', 'url': 'https://pokeapi.co/api/v2/move-learn-method/4/'}, 'order': None}, {'level_learned_at': 0, 'version_group': {'name': 'ultra-sun-ultra-moon', 'url': 'https://pokeapi.co/api/v2/version-group/18/'}, 'move_learn_method': {'name': 'machine', 'url': 'https://pokeapi.co/api/v2/move-learn-method/4/'}, 'order': None}, {'level_learned_at': 0, 'version_group': {'name': 'sword-shield', 'url': 'https://pokeapi.co/api/v2/version-group/20/'}, 'move_learn_method': {'name': 'machine', 'url': 'https://pokeapi.co/api/v2/move-learn-method/4/'}, 'order': None}, {'level_learned_at': 0, 'version_group': {'name': 'scarlet-violet', 'url': 'https://pokeapi.co/api/v2/version-group/25/'}, 'move_learn_method': {'name': 'machine', 'url': 'https://pokeapi.co/api/v2/move-learn-method/4/'}, 'order': None}]}, {'move': {'name': 'acid-spray', 'url': 'https://pokeapi.co/api/v2/move/491/'}, 'version_group_details': [{'level_learned_at': 0, 'version_group': {'name': 'scarlet-violet', 'url': 'https://pokeapi.co/api/v2/version-group/25/'}, 'move_learn_method': {'name': 'machine', 'url': 'https://pokeapi.co/api/v2/move-learn-method/4/'}, 'order': None}]}, {'move': {'name': 'round', 'url': 'https://pokeapi.co/api/v2/move/496/'}, 'version_group_details': [{'level_learned_at': 0, 'version_group': {'name': 'black-white', 'url': 'https://pokeapi.co/api/v2/version-group/11/'}, 'move_learn_method': {'name': 'machine', 'url': 'https://pokeapi.co/api/v2/move-learn-method/4/'}, 'order': None}, {'level_learned_at': 0, 'version_group': {'name': 'black-2-white-2', 'url': 'https://pokeapi.co/api/v2/version-group/14/'}, 'move_learn_method': {'name': 'machine', 'url': 'https://pokeapi.co/api/v2/move-learn-method/4/'}, 'order': None}, {'level_learned_at': 0, 'version_group': {'name': 'x-y', 'url': 'https://pokeapi.co/api/v2/version-group/15/'}, 'move_learn_method': {'name': 'machine', 'url': 'https://pokeapi.co/api/v2/move-learn-method/4/'}, 'order': None}, {'level_learned_at': 0, 'version_group': {'name': 'omega-ruby-alpha-sapphire', 'url': 'https://pokeapi.co/api/v2/version-group/16/'}, 'move_learn_method': {'name': 'machine', 'url': 'https://pokeapi.co/api/v2/move-learn-method/4/'}, 'order': None}, {'level_learned_at': 0, 'version_group': {'name': 'sun-moon', 'url': 'https://pokeapi.co/api/v2/version-group/17/'}, 'move_learn_method': {'name': 'machine', 'url': 'https://pokeapi.co/api/v2/move-learn-method/4/'}, 'order': None}, {'level_learned_at': 0, 'version_group': {'name': 'ultra-sun-ultra-moon', 'url': 'https://pokeapi.co/api/v2/version-group/18/'}, 'move_learn_method': {'name': 'machine', 'url': 'https://pokeapi.co/api/v2/move-learn-method/4/'}, 'order': None}, {'level_learned_at': 0, 'version_group': {'name': 'sword-shield', 'url': 'https://pokeapi.co/api/v2/version-group/20/'}, 'move_learn_method': {'name': 'machine', 'url': 'https://pokeapi.co/api/v2/move-learn-method/4/'}, 'order': None}]}, {'move': {'name': 'echoed-voice', 'url': 'https://pokeapi.co/api/v2/move/497/'}, 'version_group_details': [{'level_learned_at': 0, 'version_group': {'name': 'black-white', 'url': 'https://pokeapi.co/api/v2/version-group/11/'}, 'move_learn_method': {'name': 'machine', 'url': 'https://pokeapi.co/api/v2/move-learn-method/4/'}, 'order': None}, {'level_learned_at': 0, 'version_group': {'name': 'black-2-white-2', 'url': 'https://pokeapi.co/api/v2/version-group/14/'}, 'move_learn_method': {'name': 'machine', 'url': 'https://pokeapi.co/api/v2/move-learn-method/4/'}, 'order': None}, {'level_learned_at': 0, 'version_group': {'name': 'x-y', 'url': 'https://pokeapi.co/api/v2/version-group/15/'}, 'move_learn_method': {'name': 'machine', 'url': 'https://pokeapi.co/api/v2/move-learn-method/4/'}, 'order': None}, {'level_learned_at': 0, 'version_group': {'name': 'omega-ruby-alpha-sapphire', 'url': 'https://pokeapi.co/api/v2/version-group/16/'}, 'move_learn_method': {'name': 'machine', 'url': 'https://pokeapi.co/api/v2/move-learn-method/4/'}, 'order': None}, {'level_learned_at': 0, 'version_group': {'name': 'sun-moon', 'url': 'https://pokeapi.co/api/v2/version-group/17/'}, 'move_learn_method': {'name': 'machine', 'url': 'https://pokeapi.co/api/v2/move-learn-method/4/'}, 'order': None}, {'level_learned_at': 0, 'version_group': {'name': 'ultra-sun-ultra-moon', 'url': 'https://pokeapi.co/api/v2/version-group/18/'}, 'move_learn_method': {'name': 'machine', 'url': 'https://pokeapi.co/api/v2/move-learn-method/4/'}, 'order': None}]}, {'move': {'name': 'grass-pledge', 'url': 'https://pokeapi.co/api/v2/move/520/'}, 'version_group_details': [{'level_learned_at': 0, 'version_group': {'name': 'black-white', 'url': 'https://pokeapi.co/api/v2/version-group/11/'}, 'move_learn_method': {'name': 'tutor', 'url': 'https://pokeapi.co/api/v2/move-learn-method/3/'}, 'order': None}, {'level_learned_at': 0, 'version_group': {'name': 'black-2-white-2', 'url': 'https://pokeapi.co/api/v2/version-group/14/'}, 'move_learn_method': {'name': 'tutor', 'url': 'https://pokeapi.co/api/v2/move-learn-method/3/'}, 'order': None}, {'level_learned_at': 0, 'version_group': {'name': 'x-y', 'url': 'https://pokeapi.co/api/v2/version-group/15/'}, 'move_learn_method': {'name': 'tutor', 'url': 'https://pokeapi.co/api/v2/move-learn-method/3/'}, 'order': None}, {'level_learned_at': 0, 'version_group': {'name': 'omega-ruby-alpha-sapphire', 'url': 'https://pokeapi.co/api/v2/version-group/16/'}, 'move_learn_method': {'name': 'tutor', 'url': 'https://pokeapi.co/api/v2/move-learn-method/3/'}, 'order': None}, {'level_learned_at': 0, 'version_group': {'name': 'sun-moon', 'url': 'https://pokeapi.co/api/v2/version-group/17/'}, 'move_learn_method': {'name': 'tutor', 'url': 'https://pokeapi.co/api/v2/move-learn-method/3/'}, 'order': None}, {'level_learned_at': 0, 'version_group': {'name': 'ultra-sun-ultra-moon', 'url': 'https://pokeapi.co/api/v2/version-group/18/'}, 'move_learn_method': {'name': 'tutor', 'url': 'https://pokeapi.co/api/v2/move-learn-method/3/'}, 'order': None}, {'level_learned_at': 0, 'version_group': {'name': 'sword-shield', 'url': 'https://pokeapi.co/api/v2/version-group/20/'}, 'move_learn_method': {'name': 'tutor', 'url': 'https://pokeapi.co/api/v2/move-learn-method/3/'}, 'order': None}, {'level_learned_at': 0, 'version_group': {'name': 'scarlet-violet', 'url': 'https://pokeapi.co/api/v2/version-group/25/'}, 'move_learn_method': {'name': 'machine', 'url': 'https://pokeapi.co/api/v2/move-learn-method/4/'}, 'order': None}]}, {'move': {'name': 'work-up', 'url': 'https://pokeapi.co/api/v2/move/526/'}, 'version_group_details': [{'level_learned_at': 0, 'version_group': {'name': 'sun-moon', 'url': 'https://pokeapi.co/api/v2/version-group/17/'}, 'move_learn_method': {'name': 'machine', 'url': 'https://pokeapi.co/api/v2/move-learn-method/4/'}, 'order': None}, {'level_learned_at': 0, 'version_group': {'name': 'ultra-sun-ultra-moon', 'url': 'https://pokeapi.co/api/v2/version-group/18/'}, 'move_learn_method': {'name': 'machine', 'url': 'https://pokeapi.co/api/v2/move-learn-method/4/'}, 'order': None}, {'level_learned_at': 0, 'version_group': {'name': 'sword-shield', 'url': 'https://pokeapi.co/api/v2/version-group/20/'}, 'move_learn_method': {'name': 'machine', 'url': 'https://pokeapi.co/api/v2/move-learn-method/4/'}, 'order': None}, {'level_learned_at': 0, 'version_group': {'name': 'brilliant-diamond-shining-pearl', 'url': 'https://pokeapi.co/api/v2/version-group/23/'}, 'move_learn_method': {'name': 'machine', 'url': 'https://pokeapi.co/api/v2/move-learn-method/4/'}, 'order': None}]}, {'move': {'name': 'grassy-terrain', 'url': 'https://pokeapi.co/api/v2/move/580/'}, 'version_group_details': [{'level_learned_at': 0, 'version_group': {'name': 'x-y', 'url': 'https://pokeapi.co/api/v2/version-group/15/'}, 'move_learn_method': {'name': 'egg', 'url': 'https://pokeapi.co/api/v2/move-learn-method/2/'}, 'order': None}, {'level_learned_at': 0, 'version_group': {'name': 'omega-ruby-alpha-sapphire', 'url': 'https://pokeapi.co/api/v2/version-group/16/'}, 'move_learn_method': {'name': 'egg', 'url': 'https://pokeapi.co/api/v2/move-learn-method/2/'}, 'order': None}, {'level_learned_at': 0, 'version_group': {'name': 'sun-moon', 'url': 'https://pokeapi.co/api/v2/version-group/17/'}, 'move_learn_method': {'name': 'egg', 'url': 'https://pokeapi.co/api/v2/move-learn-method/2/'}, 'order': None}, {'level_learned_at': 0, 'version_group': {'name': 'ultra-sun-ultra-moon', 'url': 'https://pokeapi.co/api/v2/version-group/18/'}, 'move_learn_method': {'name': 'egg', 'url': 'https://pokeapi.co/api/v2/move-learn-method/2/'}, 'order': None}, {'level_learned_at': 0, 'version_group': {'name': 'sword-shield', 'url': 'https://pokeapi.co/api/v2/version-group/20/'}, 'move_learn_method': {'name': 'machine', 'url': 'https://pokeapi.co/api/v2/move-learn-method/4/'}, 'order': None}, {'level_learned_at': 0, 'version_group': {'name': 'brilliant-diamond-shining-pearl', 'url': 'https://pokeapi.co/api/v2/version-group/23/'}, 'move_learn_method': {'name': 'egg', 'url': 'https://pokeapi.co/api/v2/move-learn-method/2/'}, 'order': None}, {'level_learned_at': 0, 'version_group': {'name': 'scarlet-violet', 'url': 'https://pokeapi.co/api/v2/version-group/25/'}, 'move_learn_method': {'name': 'machine', 'url': 'https://pokeapi.co/api/v2/move-learn-method/4/'}, 'order': None}]}, {'move': {'name': 'confide', 'url': 'https://pokeapi.co/api/v2/move/590/'}, 'version_group_details': [{'level_learned_at': 0, 'version_group': {'name': 'x-y', 'url': 'https://pokeapi.co/api/v2/version-group/15/'}, 'move_learn_method': {'name': 'machine', 'url': 'https://pokeapi.co/api/v2/move-learn-method/4/'}, 'order': None}, {'level_learned_at': 0, 'version_group': {'name': 'omega-ruby-alpha-sapphire', 'url': 'https://pokeapi.co/api/v2/version-group/16/'}, 'move_learn_method': {'name': 'machine', 'url': 'https://pokeapi.co/api/v2/move-learn-method/4/'}, 'order': None}, {'level_learned_at': 0, 'version_group': {'name': 'sun-moon', 'url': 'https://pokeapi.co/api/v2/version-group/17/'}, 'move_learn_method': {'name': 'machine', 'url': 'https://pokeapi.co/api/v2/move-learn-method/4/'}, 'order': None}, {'level_learned_at': 0, 'version_group': {'name': 'ultra-sun-ultra-moon', 'url': 'https://pokeapi.co/api/v2/version-group/18/'}, 'move_learn_method': {'name': 'machine', 'url': 'https://pokeapi.co/api/v2/move-learn-method/4/'}, 'order': None}]}, {'move': {'name': 'grassy-glide', 'url': 'https://pokeapi.co/api/v2/move/803/'}, 'version_group_details': [{'level_learned_at': 0, 'version_group': {'name': 'sword-shield', 'url': 'https://pokeapi.co/api/v2/version-group/20/'}, 'move_learn_method': {'name': 'tutor', 'url': 'https://pokeapi.co/api/v2/move-learn-method/3/'}, 'order': None}, {'level_learned_at': 0, 'version_group': {'name': 'scarlet-violet', 'url': 'https://pokeapi.co/api/v2/version-group/25/'}, 'move_learn_method': {'name': 'machine', 'url': 'https://pokeapi.co/api/v2/move-learn-method/4/'}, 'order': None}]}, {'move': {'name': 'tera-blast', 'url': 'https://pokeapi.co/api/v2/move/851/'}, 'version_group_details': [{'level_learned_at': 0, 'version_group': {'name': 'scarlet-violet', 'url': 'https://pokeapi.co/api/v2/version-group/25/'}, 'move_learn_method': {'name': 'machine', 'url': 'https://pokeapi.co/api/v2/move-learn-method/4/'}, 'order': None}]}, {'move': {'name': 'trailblaze', 'url': 'https://pokeapi.co/api/v2/move/885/'}, 'version_group_details': [{'level_learned_at': 0, 'version_group': {'name': 'scarlet-violet', 'url': 'https://pokeapi.co/api/v2/version-group/25/'}, 'move_learn_method': {'name': 'machine', 'url': 'https://pokeapi.co/api/v2/move-learn-method/4/'}, 'order': None}]}]","[{'base_stat': 45, 'effort': 0, 'stat': {'name': 'hp', 'url': 'https://pokeapi.co/api/v2/stat/1/'}}, {'base_stat': 49, 'effort': 0, 'stat': {'name': 'attack', 'url': 'https://pokeapi.co/api/v2/stat/2/'}}, {'base_stat': 49, 'effort': 0, 'stat': {'name': 'defense', 'url': 'https://pokeapi.co/api/v2/stat/3/'}}, {'base_stat': 65, 'effort': 1, 'stat': {'name': 'special-attack', 'url': 'https://pokeapi.co/api/v2/stat/4/'}}, {'base_stat': 65, 'effort': 0, 'stat': {'name': 'special-defense', 'url': 'https://pokeapi.co/api/v2/stat/5/'}}, {'base_stat': 45, 'effort': 0, 'stat': {'name': 'speed', 'url': 'https://pokeapi.co/api/v2/stat/6/'}}]","[{'generation': {'name': 'generation-i', 'url': 'https://pokeapi.co/api/v2/generation/1/'}, 'stats': [{'base_stat': 65, 'effort': 0, 'stat': {'name': 'special', 'url': 'https://pokeapi.co/api/v2/stat/9/'}}]}]","[{'slot': 1, 'type': {'name': 'grass', 'url': 'https://pokeapi.co/api/v2/type/12/'}}, {'slot': 2, 'type': {'name': 'poison', 'url': 'https://pokeapi.co/api/v2/type/4/'}}]",[],bulbasaur,https://pokeapi.co/api/v2/pokemon-species/1/,https://raw.githubusercontent.com/PokeAPI/sprites/master/sprites/pokemon/other/home/shiny/1.png,,https://raw.githubusercontent.com/PokeAPI/sprites/master/sprites/pokemon/other/home/1.png,,https://raw.githubusercontent.com/PokeAPI/sprites/master/sprites/pokemon/other/showdown/back/shiny/1.gif,,https://raw.githubusercontent.com/PokeAPI/sprites/master/sprites/pokemon/other/showdown/shiny/1.gif,https://raw.githubusercontent.com/PokeAPI/sprites/master/sprites/pokemon/other/showdown/back/1.gif,,https://raw.githubusercontent.com/PokeAPI/sprites/master/sprites/pokemon/other/showdown/1.gif,,,,https://raw.githubusercontent.com/PokeAPI/sprites/master/sprites/pokemon/other/dream-world/1.svg,https://raw.githubusercontent.com/PokeAPI/sprites/master/sprites/pokemon/other/official-artwork/shiny/1.png,https://raw.githubusercontent.com/PokeAPI/sprites/master/sprites/pokemon/other/official-artwork/1.png,https://raw.githubusercontent.com/PokeAPI/sprites/master/sprites/pokemon/versions/generation-i/yellow/back/gray/1.png,https://raw.githubusercontent.com/PokeAPI/sprites/master/sprites/pokemon/versions/generation-i/yellow/gray/1.png,https://raw.githubusercontent.com/PokeAPI/sprites/master/sprites/pokemon/versions/generation-i/yellow/back/1.png,https://raw.githubusercontent.com/PokeAPI/sprites/master/sprites/pokemon/versions/generation-i/yellow/1.png,https://raw.githubusercontent.com/PokeAPI/sprites/master/sprites/pokemon/versions/generation-i/yellow/transparent/back/1.png,https://raw.githubusercontent.com/PokeAPI/sprites/master/sprites/pokemon/versions/generation-i/yellow/transparent/1.png,https://raw.githubusercontent.com/PokeAPI/sprites/master/sprites/pokemon/versions/generation-i/red-blue/back/gray/1.png,https://raw.githubusercontent.com/PokeAPI/sprites/master/sprites/pokemon/versions/generation-i/red-blue/gray/1.png,https://raw.githubusercontent.com/PokeAPI/sprites/master/sprites/pokemon/versions/generation-i/red-blue/back/1.png,https://raw.githubusercontent.com/PokeAPI/sprites/master/sprites/pokemon/versions/generation-i/red-blue/1.png,https://raw.githubusercontent.com/PokeAPI/sprites/master/sprites/pokemon/versions/generation-i/red-blue/transparent/back/1.png,https://raw.githubusercontent.com/PokeAPI/sprites/master/sprites/pokemon/versions/generation-i/red-blue/transparent/1.png,https://raw.githubusercontent.com/PokeAPI/sprites/master/sprites/pokemon/versions/generation-v/icons/animated/1.png,https://raw.githubusercontent.com/PokeAPI/sprites/master/sprites/pokemon/versions/generation-v/icons/1.png,https://raw.githubusercontent.com/PokeAPI/sprites/master/sprites/pokemon/versions/generation-v/black-white/animated/back/shiny/1.gif,,https://raw.githubusercontent.com/PokeAPI/sprites/master/sprites/pokemon/versions/generation-v/black-white/animated/shiny/1.gif,https://raw.githubusercontent.com/PokeAPI/sprites/master/sprites/pokemon/versions/generation-v/black-white/animated/back/1.gif,,https://raw.githubusercontent.com/PokeAPI/sprites/master/sprites/pokemon/versions/generation-v/black-white/animated/1.gif,,,https://raw.githubusercontent.com/PokeAPI/sprites/master/sprites/pokemon/versions/generation-v/black-white/back/shiny/1.png,,https://raw.githubusercontent.com/PokeAPI/sprites/master/sprites/pokemon/versions/generation-v/black-white/shiny/1.png,https://raw.githubusercontent.com/PokeAPI/sprites/master/sprites/pokemon/versions/generation-v/black-white/back/1.png,,https://raw.githubusercontent.com/PokeAPI/sprites/master/sprites/pokemon/versions/generation-v/black-white/1.png,,,https://raw.githubusercontent.com/PokeAPI/sprites/master/sprites/pokemon/versions/generation-ii/gold/back/shiny/1.png,https://raw.githubusercontent.com/PokeAPI/sprites/master/sprites/pokemon/versions/generation-ii/gold/shiny/1.png,https://raw.githubusercontent.com/PokeAPI/sprites/master/sprites/pokemon/versions/generation-ii/gold/back/1.png,https://raw.githubusercontent.com/PokeAPI/sprites/master/sprites/pokemon/versions/generation-ii/gold/1.png,https://raw.githubusercontent.com/PokeAPI/sprites/master/sprites/pokemon/versions/generation-ii/gold/transparent/1.png,https://raw.githubusercontent.com/PokeAPI/sprites/master/sprites/pokemon/versions/generation-ii/silver/back/shiny/1.png,https://raw.githubusercontent.com/PokeAPI/sprites/master/sprites/pokemon/versions/generation-ii/silver/shiny/1.png,https://raw.githubusercontent.com/PokeAPI/sprites/master/sprites/pokemon/versions/generation-ii/silver/back/1.png,https://raw.githubusercontent.com/PokeAPI/sprites/master/sprites/pokemon/versions/generation-ii/silver/1.png,https://raw.githubusercontent.com/PokeAPI/sprites/master/sprites/pokemon/versions/generation-ii/silver/transparent/1.png,https://raw.githubusercontent.com/PokeAPI/sprites/master/sprites/pokemon/versions/generation-ii/crystal/animated/shiny/1.gif,https://raw.githubusercontent.com/PokeAPI/sprites/master/sprites/pokemon/versions/generation-ii/crystal/animated/1.gif,https://raw.githubusercontent.com/PokeAPI/sprites/master/sprites/pokemon/versions/generation-ii/crystal/back/shiny/1.png,https://raw.githubusercontent.com/PokeAPI/sprites/master/sprites/pokemon/versions/generation-ii/crystal/shiny/1.png,https://raw.githubusercontent.com/PokeAPI/sprites/master/sprites/pokemon/versions/generation-ii/crystal/back/1.png,https://raw.githubusercontent.com/PokeAPI/sprites/master/sprites/pokemon/versions/generation-ii/crystal/1.png,https://raw.githubusercontent.com/PokeAPI/sprites/master/sprites/pokemon/versions/generation-ii/crystal/transparent/back/1.png,https://raw.githubusercontent.com/PokeAPI/sprites/master/sprites/pokemon/versions/generation-ii/crystal/transparent/1.png,https://raw.githubusercontent.com/PokeAPI/sprites/master/sprites/pokemon/versions/generation-ii/crystal/transparent/back/shiny/1.png,https://raw.githubusercontent.com/PokeAPI/sprites/master/sprites/pokemon/versions/generation-ii/crystal/transparent/shiny/1.png,https://raw.githubusercontent.com/PokeAPI/sprites/master/sprites/pokemon/versions/generation-iv/platinum/back/shiny/1.png,,https://raw.githubusercontent.com/PokeAPI/sprites/master/sprites/pokemon/versions/generation-iv/platinum/shiny/1.png,https://raw.githubusercontent.com/PokeAPI/sprites/master/sprites/pokemon/versions/generation-iv/platinum/back/1.png,,https://raw.githubusercontent.com/PokeAPI/sprites/master/sprites/pokemon/versions/generation-iv/platinum/1.png,,,https://raw.githubusercontent.com/PokeAPI/sprites/master/sprites/pokemon/versions/generation-iv/diamond-pearl/back/shiny/1.png,,https://raw.githubusercontent.com/PokeAPI/sprites/master/sprites/pokemon/versions/generation-iv/diamond-pearl/shiny/1.png,https://raw.githubusercontent.com/PokeAPI/sprites/master/sprites/pokemon/versions/generation-iv/diamond-pearl/back/1.png,,https://raw.githubusercontent.com/PokeAPI/sprites/master/sprites/pokemon/versions/generation-iv/diamond-pearl/1.png,,,https://raw.githubusercontent.com/PokeAPI/sprites/master/sprites/pokemon/versions/generation-iv/heartgold-soulsilver/back/shiny/1.png,,https://raw.githubusercontent.com/PokeAPI/sprites/master/sprites/pokemon/versions/generation-iv/heartgold-soulsilver/shiny/1.png,https://raw.githubusercontent.com/PokeAPI/sprites/master/sprites/pokemon/versions/generation-iv/heartgold-soulsilver/back/1.png,,https://raw.githubusercontent.com/PokeAPI/sprites/master/sprites/pokemon/versions/generation-iv/heartgold-soulsilver/1.png,,,,https://raw.githubusercontent.com/PokeAPI/sprites/master/sprites/pokemon/versions/generation-ix/scarlet-violet/1.png,https://raw.githubusercontent.com/PokeAPI/sprites/master/sprites/pokemon/versions/generation-vi/x-y/shiny/1.png,,https://raw.githubusercontent.com/PokeAPI/sprites/master/sprites/pokemon/versions/generation-vi/x-y/1.png,,https://raw.githubusercontent.com/PokeAPI/sprites/master/sprites/pokemon/versions/generation-vi/omegaruby-alphasapphire/shiny/1.png,,https://raw.githubusercontent.com/PokeAPI/sprites/master/sprites/pokemon/versions/generation-vi/omegaruby-alphasapphire/1.png,,https://raw.githubusercontent.com/PokeAPI/sprites/master/sprites/pokemon/versions/generation-iii/emerald/shiny/1.png,https://raw.githubusercontent.com/PokeAPI/sprites/master/sprites/pokemon/versions/generation-iii/emerald/1.png,https://raw.githubusercontent.com/PokeAPI/sprites/master/sprites/pokemon/versions/generation-iii/ruby-sapphire/back/shiny/1.png,https://raw.githubusercontent.com/PokeAPI/sprites/master/sprites/pokemon/versions/generation-iii/ruby-sapphire/shiny/1.png,https://raw.githubusercontent.com/PokeAPI/sprites/master/sprites/pokemon/versions/generation-iii/ruby-sapphire/back/1.png,https://raw.githubusercontent.com/PokeAPI/sprites/master/sprites/pokemon/versions/generation-iii/ruby-sapphire/1.png,https://raw.githubusercontent.com/PokeAPI/sprites/master/sprites/pokemon/versions/generation-iii/firered-leafgreen/back/shiny/1.png,https://raw.githubusercontent.com/PokeAPI/sprites/master/sprites/pokemon/versions/generation-iii/firered-leafgreen/shiny/1.png,https://raw.githubusercontent.com/PokeAPI/sprites/master/sprites/pokemon/versions/generation-iii/firered-leafgreen/back/1.png,https://raw.githubusercontent.com/PokeAPI/sprites/master/sprites/pokemon/versions/generation-iii/firered-leafgreen/1.png,,https://raw.githubusercontent.com/PokeAPI/sprites/master/sprites/pokemon/versions/generation-vii/icons/1.png,https://raw.githubusercontent.com/PokeAPI/sprites/master/sprites/pokemon/versions/generation-vii/ultra-sun-ultra-moon/shiny/1.png,,https://raw.githubusercontent.com/PokeAPI/sprites/master/sprites/pokemon/versions/generation-vii/ultra-sun-ultra-moon/1.png,,,https://raw.githubusercontent.com/PokeAPI/sprites/master/sprites/pokemon/versions/generation-viii/icons/1.png,,https://raw.githubusercontent.com/PokeAPI/sprites/master/sprites/pokemon/versions/generation-viii/brilliant-diamond-shining-pearl/1.png,https://raw.githubusercontent.com/PokeAPI/sprites/master/sprites/pokemon/back/shiny/1.png,,https://raw.githubusercontent.com/PokeAPI/sprites/master/sprites/pokemon/shiny/1.png,https://raw.githubusercontent.com/PokeAPI/sprites/master/sprites/pokemon/back/1.png,,https://raw.githubusercontent.com/PokeAPI/sprites/master/sprites/pokemon/1.png,,,https://raw.githubusercontent.com/PokeAPI/cries/main/cries/pokemon/latest/1.ogg,https://raw.githubusercontent.com/PokeAPI/cries/main/cries/pokemon/legacy/1.ogg
